0(254399): 
1(188110): 
2(310216): 0(1.309143), 
3(145993): 
4(488537): 0(2.178746), 
5(434933): 0(0.458445), 
6(341594): 1(1.396263), 
7(159036): 
8(425066): 1(0.541404), 
9(481957): 1(1.778934), 
10(532991): 1(0.439236), 
11(335159): 1(0.945378), 
12(429655): 1(1.605173), 
13(148535): 1(1.340431), 
14(513170): 1(0.527866), 2(0.474696), 
15(335171): 1(1.343423), 
16(1585): 1(0.405072), 
17(148532): 1(0.505628), 
18(300111): 1(0.492088), 2(0.995494), 
19(300116): 0(2.404647), 
20(35191): 2(0.645351), 
21(220702): 
22(335158): 2(1.243087), 
23(300120): 2(0.652957), 
24(425067): 2(0.935902), 
25(351682): 2(1.125249), 
26(498009): 0(0.489020), 
27(437896): 
28(220705): 2(0.519738), 
29(300117): 0(0.646546), 
