0(110669): 
1(177644): 
2(503978): 
3(515797): 
4(47164): 
5(62963): 
6(87059): 
7(486548): 
8(508458): 
9(6335): 
10(447363): 
11(414652): 
12(260944): 
13(150755): 
14(508576): 
15(115397): 
16(22915): 0(0.571119), 
17(286824): 0(0.571168), 
18(8720): 0(2.698093), 
19(480628): 0(3.177115), 
20(496847): 0(3.442732), 
21(488277): 0(0.995523), 
22(21160): 
23(24168): 
24(429148): 
25(118030): 
26(328678): 
27(35529): 
28(45559): 
29(18622): 
30(407999): 
31(256695): 
32(482118): 
33(308545): 
34(180594): 
35(47521): 0(1.455594), 
36(518489): 0(0.520270), 
37(239132): 0(0.875972), 
38(78517): 0(0.609839), 
39(49211): 0(0.386284), 
40(339296): 
