0(436121): 0(10.325618), 1(10.325618), 2(10.325618), 3(10.325618), 
1(418053): 0(7.767602), 1(7.767602), 2(7.767602), 3(7.767602), 
2(91312): 
3(54528): 
4(14245): 0(1.502709), 1(1.502709), 2(1.502709), 3(1.502709), 
5(310133): 0(12.827082), 1(12.827082), 2(12.827082), 3(12.827082), 
6(527637): 
7(259746): 
8(122899): 
9(446311): 
10(523611): 
11(225226): 0(11.941374), 1(11.941374), 2(11.941374), 3(11.941374), 
12(144069): 0(0.714615), 1(0.714615), 2(0.714615), 3(0.714615), 
13(403336): 
14(406233): 
15(166475): 
