0(197411): 
1(149759): 
2(120449): 
3(511052): 
4(207306): 
5(8334): 0(18.200014), 1(18.200014), 2(18.200014), 3(18.200014), 
6(544121): 0(11.425404), 1(11.425404), 2(11.425404), 3(11.425404), 
7(213313): 
8(12983): 0(1.027434), 1(1.027434), 2(1.027434), 3(1.027434), 
9(78005): 
10(12971): 
11(168585): 
12(535978): 0(2.503621), 1(2.503621), 2(2.503621), 3(2.503621), 
13(12985): 0(2.156741), 1(2.156741), 2(2.156741), 3(2.156741), 
14(235224): 
15(293343): 
16(216024): 
17(185541): 
18(45252): 
19(209721): 
20(80214): 
21(89951): 
22(28532): 
23(546595): 
24(546536): 
25(2307): 
26(264630): 
27(388934): 
28(462233): 
29(2311): 
30(90567): 
