0(185150): 0(3.044673), 1(3.044673), 2(3.044673), 3(3.044673), 4(3.044673), 
1(255722): 
2(262922): 
3(47498): 0(2.798915), 1(2.798915), 2(2.798915), 3(2.798915), 4(2.798915), 
4(359500): 0(0.620548), 1(0.620548), 2(0.620548), 3(0.620548), 4(0.620548), 
5(378414): 
6(214023): 0(6.170831), 1(6.170831), 2(6.170831), 3(6.170831), 4(6.170831), 
7(84217): 0(1.039188), 1(1.039188), 2(1.039188), 3(1.039188), 4(1.039188), 
8(174348): 
9(408658): 
10(179179): 
11(512234): 
12(136208): 
13(100084): 
14(494595): 
15(22753): 
16(530227): 
