0(20730): 0(0.584856), 
1(70709): 0(4.145991), 
2(497754): 
3(465744): 
4(276648): 0(3.355686), 2(0.450546), 
5(339079): 
6(527849): 0(11.549633), 
7(248505): 2(23.201588), 
8(138218): 2(0.794730), 
9(418827): 2(1.532226), 
10(293920): 0(2.475951), 
11(215148): 2(2.719473), 
12(210144): 2(1.256662), 
13(200962): 3(2.067324), 
14(373238): 2(2.551705), 
15(371116): 2(0.749077), 
16(73196): 3(5.661499), 
17(36583): 1(1.132026), 
18(68744): 1(0.648637), 
19(323825): 1(1.130195), 
20(509778): 1(2.254433), 
21(446070): 1(1.039390), 
22(300926): 1(21.821563), 
23(168084): 3(8.948496), 
24(320805): 3(4.521154), 
25(143147): 3(8.942347), 
26(523753): 3(0.430264), 
27(428857): 3(0.426162), 
28(452678): 3(1.983282), 
29(10711): 3(0.426336), 
30(201617): 
31(399339): 
32(81205): 1(0.409171), 
33(142521): 1(1.040635), 
34(216490): 
35(280988): 0(0.587054), 
36(313563): 0(0.577059), 
37(487986): 0(0.577115), 
38(474605): 
39(38281): 
40(322701): 
41(364436): 
42(68475): 
43(344002): 
44(127548): 
