iter  precision  recall
1  0.000000  0.000000
2  0.000000  0.000000
3  0.000000  0.000000
4  0.000000  0.000000
5  0.000000  0.000000
6  0.000000  0.000000
7  0.000000  0.000000
8  0.000000  0.000000
9  0.000000  0.000000
10  0.000000  0.000000
11  0.000000  0.000000
12  0.000000  0.000000
13  0.000000  0.000000
14  0.000000  0.000000
15  0.000000  0.000000
16  0.000000  0.000000
17  0.000000  0.000000
18  0.000000  0.000000
19  0.000000  0.000000
20  0.000000  0.000000
21  0.000000  0.000000
22  0.000000  0.000000
23  0.000000  0.000000
24  0.000000  0.000000
25  0.000000  0.000000
26  0.000000  0.000000
27  0.000000  0.000000
28  0.000000  0.000000
29  0.000000  0.000000
30  0.000000  0.000000
31  0.000000  0.000000
32  0.000000  0.000000
33  0.000000  0.000000
34  0.000000  0.000000
35  0.000000  0.000000
36  0.000000  0.000000
37  0.000000  0.000000
38  0.000000  0.000000
39  0.000000  0.000000
40  0.000000  0.000000
41  0.000000  0.000000
42  0.000000  0.000000
43  0.000000  0.000000
44  0.000000  0.000000
45  0.000000  0.000000
46  0.000000  0.000000
47  0.000000  0.000000
48  0.000000  0.000000
49  0.000000  0.000000
50  0.000000  0.000000
51  0.000000  0.000000
52  0.000000  0.000000
53  0.000000  0.000000
54  0.000000  0.000000
55  0.000000  0.000000
56  0.000000  0.000000
57  0.000000  0.000000
58  0.000000  0.000000
59  0.000000  0.000000
60  0.000000  0.000000
61  0.000000  0.000000
62  0.000000  0.000000
63  0.000000  0.000000
64  0.000000  0.000000
65  0.000000  0.000000
66  0.000000  0.000000
67  0.000000  0.000000
68  0.000000  0.000000
69  0.000000  0.000000
70  0.000000  0.000000
71  0.000000  0.000000
72  0.000000  0.000000
73  0.000000  0.000000
74  0.000000  0.000000
75  0.000000  0.000000
76  0.000000  0.000000
77  0.000000  0.000000
78  0.000000  0.000000
79  0.000000  0.000000
80  0.000000  0.000000
81  0.000000  0.000000
82  0.000000  0.000000
83  0.000000  0.000000
84  0.000000  0.000000
85  0.000000  0.000000
86  0.000000  0.000000
87  0.000000  0.000000
88  0.011364  0.000537
89  0.011236  0.000537
90  0.011111  0.000537
91  0.010989  0.000537
92  0.010870  0.000537
93  0.010753  0.000537
94  0.010638  0.000537
95  0.010526  0.000537
96  0.010417  0.000537
97  0.010309  0.000537
98  0.020408  0.001074
99  0.020202  0.001074
100  0.020000  0.001074
101  0.019802  0.001074
102  0.019608  0.001074
103  0.019417  0.001074
104  0.019231  0.001074
105  0.019048  0.001074
106  0.018868  0.001074
107  0.018692  0.001074
108  0.018519  0.001074
109  0.018349  0.001074
110  0.018182  0.001074
111  0.018018  0.001074
112  0.017857  0.001074
113  0.017699  0.001074
114  0.017544  0.001074
115  0.017391  0.001074
116  0.025862  0.001610
117  0.034188  0.002147
118  0.033898  0.002147
119  0.033613  0.002147
120  0.033333  0.002147
121  0.033058  0.002147
122  0.032787  0.002147
123  0.032520  0.002147
124  0.032258  0.002147
125  0.032000  0.002147
126  0.031746  0.002147
127  0.031496  0.002147
128  0.031250  0.002147
129  0.031008  0.002147
130  0.030769  0.002147
131  0.030534  0.002147
132  0.030303  0.002147
133  0.030075  0.002147
134  0.037313  0.002684
135  0.037037  0.002684
136  0.036765  0.002684
137  0.036496  0.002684
138  0.036232  0.002684
139  0.035971  0.002684
140  0.035714  0.002684
141  0.035461  0.002684
142  0.035211  0.002684
143  0.034965  0.002684
144  0.034722  0.002684
145  0.034483  0.002684
146  0.034247  0.002684
147  0.034014  0.002684
148  0.033784  0.002684
149  0.040268  0.003221
150  0.040000  0.003221
151  0.039735  0.003221
152  0.039474  0.003221
153  0.039216  0.003221
154  0.038961  0.003221
155  0.038710  0.003221
156  0.038462  0.003221
157  0.044586  0.003757
158  0.044304  0.003757
159  0.050314  0.004294
160  0.056250  0.004831
161  0.062112  0.005368
162  0.067901  0.005904
163  0.067485  0.005904
164  0.073171  0.006441
165  0.072727  0.006441
166  0.072289  0.006441
167  0.071856  0.006441
168  0.071429  0.006441
169  0.071006  0.006441
170  0.070588  0.006441
171  0.070175  0.006441
172  0.069767  0.006441
173  0.069364  0.006441
174  0.068966  0.006441
175  0.068571  0.006441
176  0.068182  0.006441
177  0.067797  0.006441
178  0.067416  0.006441
179  0.067039  0.006441
180  0.066667  0.006441
181  0.066298  0.006441
182  0.065934  0.006441
183  0.065574  0.006441
184  0.065217  0.006441
185  0.064865  0.006441
186  0.064516  0.006441
187  0.064171  0.006441
188  0.063830  0.006441
189  0.063492  0.006441
190  0.063158  0.006441
191  0.062827  0.006441
192  0.062500  0.006441
193  0.062176  0.006441
194  0.061856  0.006441
195  0.061538  0.006441
196  0.061224  0.006441
197  0.060914  0.006441
198  0.065657  0.006978
199  0.065327  0.006978
200  0.065000  0.006978
201  0.064677  0.006978
202  0.064356  0.006978
203  0.064039  0.006978
204  0.063725  0.006978
205  0.063415  0.006978
206  0.063107  0.006978
207  0.062802  0.006978
208  0.062500  0.006978
209  0.062201  0.006978
210  0.061905  0.006978
211  0.061611  0.006978
212  0.061321  0.006978
213  0.061033  0.006978
214  0.060748  0.006978
215  0.060465  0.006978
216  0.060185  0.006978
217  0.059908  0.006978
218  0.059633  0.006978
219  0.059361  0.006978
220  0.059091  0.006978
221  0.058824  0.006978
222  0.058559  0.006978
223  0.058296  0.006978
224  0.058036  0.006978
225  0.057778  0.006978
226  0.057522  0.006978
227  0.057269  0.006978
228  0.057018  0.006978
229  0.056769  0.006978
230  0.056522  0.006978
231  0.056277  0.006978
232  0.056034  0.006978
233  0.055794  0.006978
234  0.055556  0.006978
235  0.055319  0.006978
236  0.055085  0.006978
237  0.054852  0.006978
238  0.054622  0.006978
239  0.054393  0.006978
240  0.054167  0.006978
241  0.053942  0.006978
242  0.053719  0.006978
243  0.053498  0.006978
244  0.053279  0.006978
245  0.053061  0.006978
246  0.052846  0.006978
247  0.052632  0.006978
248  0.056452  0.007515
249  0.056225  0.007515
250  0.056000  0.007515
251  0.055777  0.007515
252  0.055556  0.007515
253  0.055336  0.007515
254  0.059055  0.008052
255  0.058824  0.008052
256  0.058594  0.008052
257  0.058366  0.008052
258  0.058140  0.008052
259  0.057915  0.008052
260  0.057692  0.008052
261  0.057471  0.008052
262  0.057252  0.008052
263  0.060837  0.008588
264  0.060606  0.008588
265  0.060377  0.008588
266  0.060150  0.008588
267  0.059925  0.008588
268  0.059701  0.008588
269  0.059480  0.008588
270  0.059259  0.008588
271  0.059041  0.008588
272  0.058824  0.008588
273  0.058608  0.008588
274  0.058394  0.008588
275  0.058182  0.008588
276  0.057971  0.008588
277  0.057762  0.008588
278  0.061151  0.009125
279  0.060932  0.009125
280  0.060714  0.009125
281  0.060498  0.009125
282  0.060284  0.009125
283  0.060071  0.009125
284  0.059859  0.009125
285  0.059649  0.009125
286  0.059441  0.009125
287  0.059233  0.009125
288  0.059028  0.009125
289  0.058824  0.009125
290  0.058621  0.009125
291  0.058419  0.009125
292  0.058219  0.009125
293  0.061433  0.009662
294  0.061224  0.009662
295  0.061017  0.009662
296  0.060811  0.009662
297  0.060606  0.009662
298  0.060403  0.009662
299  0.060201  0.009662
300  0.060000  0.009662
301  0.059801  0.009662
302  0.062914  0.010199
303  0.062706  0.010199
304  0.062500  0.010199
305  0.062295  0.010199
306  0.062092  0.010199
307  0.065147  0.010735
308  0.064935  0.010735
309  0.064725  0.010735
310  0.064516  0.010735
311  0.064309  0.010735
312  0.064103  0.010735
313  0.063898  0.010735
314  0.063694  0.010735
315  0.063492  0.010735
316  0.063291  0.010735
317  0.063091  0.010735
318  0.062893  0.010735
319  0.062696  0.010735
320  0.062500  0.010735
321  0.062305  0.010735
322  0.062112  0.010735
323  0.061920  0.010735
324  0.061728  0.010735
325  0.061538  0.010735
326  0.061350  0.010735
327  0.061162  0.010735
328  0.060976  0.010735
329  0.060790  0.010735
330  0.060606  0.010735
331  0.060423  0.010735
332  0.060241  0.010735
333  0.063063  0.011272
334  0.062874  0.011272
335  0.062687  0.011272
336  0.062500  0.011272
337  0.062315  0.011272
338  0.062130  0.011272
339  0.061947  0.011272
340  0.061765  0.011272
341  0.061584  0.011272
342  0.061404  0.011272
343  0.061224  0.011272
344  0.061047  0.011272
345  0.060870  0.011272
346  0.063584  0.011809
347  0.063401  0.011809
348  0.063218  0.011809
349  0.063037  0.011809
350  0.062857  0.011809
351  0.062678  0.011809
352  0.062500  0.011809
353  0.062323  0.011809
354  0.062147  0.011809
355  0.064789  0.012346
356  0.064607  0.012346
357  0.067227  0.012882
358  0.067039  0.012882
359  0.066852  0.012882
360  0.066667  0.012882
361  0.066482  0.012882
362  0.066298  0.012882
363  0.066116  0.012882
364  0.065934  0.012882
365  0.065753  0.012882
366  0.065574  0.012882
367  0.065395  0.012882
368  0.065217  0.012882
369  0.065041  0.012882
370  0.064865  0.012882
371  0.064690  0.012882
372  0.064516  0.012882
373  0.064343  0.012882
374  0.066845  0.013419
375  0.066667  0.013419
376  0.066489  0.013419
377  0.066313  0.013419
378  0.066138  0.013419
379  0.065963  0.013419
380  0.065789  0.013419
381  0.065617  0.013419
382  0.065445  0.013419
383  0.065274  0.013419
384  0.065104  0.013419
385  0.064935  0.013419
386  0.064767  0.013419
387  0.064599  0.013419
388  0.064433  0.013419
389  0.064267  0.013419
390  0.064103  0.013419
391  0.063939  0.013419
392  0.063776  0.013419
393  0.063613  0.013419
394  0.063452  0.013419
395  0.063291  0.013419
396  0.063131  0.013419
397  0.062972  0.013419
398  0.062814  0.013419
399  0.062657  0.013419
400  0.062500  0.013419
401  0.062344  0.013419
402  0.062189  0.013419
403  0.062035  0.013419
404  0.061881  0.013419
405  0.064198  0.013956
406  0.064039  0.013956
407  0.063882  0.013956
408  0.063725  0.013956
409  0.063570  0.013956
410  0.063415  0.013956
411  0.063260  0.013956
412  0.063107  0.013956
413  0.062954  0.013956
414  0.065217  0.014493
415  0.065060  0.014493
416  0.064904  0.014493
417  0.064748  0.014493
418  0.066986  0.015030
419  0.069212  0.015566
420  0.069048  0.015566
421  0.068884  0.015566
422  0.068720  0.015566
423  0.068558  0.015566
424  0.068396  0.015566
425  0.068235  0.015566
426  0.068075  0.015566
427  0.067916  0.015566
428  0.067757  0.015566
429  0.067599  0.015566
430  0.067442  0.015566
431  0.067285  0.015566
432  0.067130  0.015566
433  0.066975  0.015566
434  0.066820  0.015566
435  0.066667  0.015566
436  0.066514  0.015566
437  0.066362  0.015566
438  0.066210  0.015566
439  0.066059  0.015566
440  0.065909  0.015566
441  0.065760  0.015566
442  0.065611  0.015566
443  0.065463  0.015566
444  0.065315  0.015566
445  0.065169  0.015566
446  0.065022  0.015566
447  0.064877  0.015566
448  0.064732  0.015566
449  0.064588  0.015566
450  0.064444  0.015566
451  0.064302  0.015566
452  0.064159  0.015566
453  0.064018  0.015566
454  0.063877  0.015566
455  0.063736  0.015566
456  0.063596  0.015566
457  0.063457  0.015566
458  0.063319  0.015566
459  0.063181  0.015566
460  0.063043  0.015566
461  0.062907  0.015566
462  0.062771  0.015566
463  0.062635  0.015566
464  0.062500  0.015566
465  0.064516  0.016103
466  0.064378  0.016103
467  0.064240  0.016103
468  0.064103  0.016103
469  0.063966  0.016103
470  0.063830  0.016103
471  0.063694  0.016103
472  0.063559  0.016103
473  0.063425  0.016103
474  0.063291  0.016103
475  0.063158  0.016103
476  0.063025  0.016103
477  0.062893  0.016103
478  0.064854  0.016640
479  0.064718  0.016640
480  0.064583  0.016640
481  0.064449  0.016640
482  0.064315  0.016640
483  0.064182  0.016640
484  0.064050  0.016640
485  0.063918  0.016640
486  0.063786  0.016640
487  0.063655  0.016640
488  0.063525  0.016640
489  0.063395  0.016640
490  0.063265  0.016640
491  0.063136  0.016640
492  0.063008  0.016640
493  0.062880  0.016640
494  0.062753  0.016640
495  0.062626  0.016640
496  0.062500  0.016640
497  0.062374  0.016640
498  0.062249  0.016640
499  0.062124  0.016640
500  0.062000  0.016640
