0(412163): 
1(318212): 
2(186022): 
3(401798): 
4(346322): 
5(435398): 
6(329078): 4(0.272134), 
7(309411): 4(0.431342), 
8(522378): 4(0.273137), 
9(434830): 4(0.326243), 
10(541690): 4(0.280623), 
11(252719): 4(0.262797), 
12(64879): 4(0.321917), 
13(539292): 2(0.159262), 
14(108892): 2(0.464362), 
15(279830): 2(1.186757), 
16(268123): 2(0.164182), 
17(394886): 3(0.972474), 
18(343306): 0(0.420132), 
19(205838): 0(0.412929), 
20(542633): 0(1.369708), 
21(277617): 0(0.392843), 
22(482584): 0(0.312300), 
23(273775): 0(0.393033), 
24(137050): 
25(271643): 2(0.773270), 
26(123159): 2(0.326407), 
27(366824): 
28(127262): 4(0.636168), 
29(318538): 
30(300975): 
31(154509): 
32(151849): 
33(330328): 
34(447892): 0(1.025205), 
35(92472): 0(0.562210), 
36(314719): 0(0.614999), 
37(67572): 0(0.566217), 
38(208714): 0(1.091055), 
39(429708): 0(0.501977), 
40(116969): 0(0.454437), 
41(166549): 0(0.883614), 
42(543516): 0(0.777441), 
43(34895): 0(0.460155), 
44(190765): 2(0.486224), 
45(428737): 2(0.228480), 
46(176159): 2(0.418417), 
47(475666): 2(0.473160), 
48(230788): 2(0.936102), 
49(19509): 2(1.209429), 
50(373756): 2(0.535599), 
51(150207): 2(0.479969), 
52(258382): 
53(115533): 
54(449985): 1(0.453421), 
55(314250): 0(0.327768), 
56(335183): 0(0.331168), 
57(127199): 0(0.331181), 
58(93356): 
59(191775): 
60(535477): 
61(414657): 1(0.244532), 
62(196008): 1(0.237581), 
63(186386): 1(0.338575), 
64(123953): 1(0.951624), 
65(49424): 1(0.597731), 
66(385399): 1(0.163398), 
67(325052): 1(0.239671), 
68(379102): 1(0.248795), 
69(124992): 1(0.236205), 
70(460073): 1(0.322260), 
71(30093): 1(0.239755), 
72(244578): 3(0.298953), 
73(204126): 3(0.314665), 
74(205676): 
75(116096): 
76(294393): 3(1.038366), 
77(536482): 
78(95427): 4(0.140262), 
79(383087): 4(0.708833), 
80(229209): 4(1.302227), 
81(458993): 4(0.896784), 
82(43379): 
83(98081): 4(0.166621), 
84(38265): 4(0.367070), 
85(29354): 1(0.337720), 
86(521655): 1(1.783937), 
87(98199): 2(0.139336), 
88(142115): 1(0.240095), 
89(530647): 1(0.257559), 
90(504199): 4(0.331191), 
91(401268): 4(0.542429), 
92(287524): 4(0.432951), 
93(30690): 4(0.432025), 
94(217871): 4(0.673834), 
95(512729): 4(0.386500), 
96(275237): 4(0.224364), 
97(30398): 4(0.329286), 
98(523046): 
99(370416): 3(0.226719), 
100(470620): 
101(401449): 
102(499583): 2(0.204895), 
103(74895): 2(0.201033), 
104(199759): 2(0.151677), 
105(46508): 
106(298507): 
107(489905): 
108(392463): 
109(336905): 2(0.151472), 
110(432229): 2(0.148717), 
111(120615): 4(0.164544), 
112(225233): 4(0.164583), 
113(204966): 4(0.158109), 
114(77701): 4(0.164616), 
115(541122): 4(0.210363), 
116(2486): 
117(476448): 3(0.602056), 
118(242933): 3(0.311373), 
119(363079): 3(0.120606), 
120(361524): 3(0.680318), 
121(52785): 3(0.318586), 
122(80379): 3(0.120658), 
123(111376): 3(0.259103), 
124(350442): 3(0.262033), 
125(153979): 3(0.262022), 
126(19999): 3(0.522999), 
127(185822): 3(0.243400), 
128(478676): 3(0.316901), 
129(18041): 3(0.549692), 
130(209480): 3(0.243377), 
131(504784): 3(0.245453), 
132(71187): 
133(373799): 2(0.606546), 
134(473001): 
135(30688): 
136(59759): 3(0.157362), 
137(256445): 2(0.137479), 
138(176184): 
139(377247): 4(0.433154), 
140(277024): 
141(261562): 4(0.412729), 
142(276567): 
143(306636): 0(1.538083), 
144(141618): 0(0.337934), 
145(535762): 4(0.181085), 
146(59285): 4(0.336982), 
147(294679): 
148(80756): 
149(448649): 3(0.242998), 
150(161737): 3(0.237941), 
151(186827): 3(0.174434), 
152(187924): 
153(198973): 
154(60211): 3(0.164524), 
155(482986): 3(0.253623), 
156(518306): 
157(440745): 
158(193240): 2(0.151310), 
159(295177): 2(0.521597), 
160(265066): 2(0.225989), 
161(141635): 2(0.159183), 
162(30962): 2(0.348072), 
163(127928): 
164(236947): 2(0.218035), 
165(179698): 
166(246180): 4(0.235177), 
167(417521): 4(0.405102), 
168(221281): 4(1.240013), 
169(433190): 4(0.394150), 
170(202986): 4(0.415845), 
171(345901): 4(0.534524), 
172(502212): 4(1.147597), 
173(85524): 3(0.226685), 
174(280255): 3(0.506285), 
175(29586): 3(0.176077), 
176(173727): 
177(120699): 3(0.120451), 
178(203272): 3(0.371776), 
179(366654): 1(0.160573), 
180(83906): 1(0.392743), 
181(326849): 
182(14686): 
183(497867): 
184(470004): 
185(340331): 
186(299611): 4(0.225981), 
187(419862): 4(0.220875), 
188(152407): 4(0.327752), 
189(365354): 
190(108259): 2(0.198209), 
191(321619): 2(0.154734), 
192(423864): 4(0.126743), 
193(75780): 4(0.119014), 
194(119359): 
195(166566): 2(0.318576), 
196(186575): 1(0.462921), 
197(272735): 1(0.334460), 
198(503684): 
199(222414): 2(0.186732), 
200(485080): 
201(84839): 
202(326211): 
203(317367): 2(0.252889), 
204(79870): 2(0.282990), 
205(52511): 
206(326093): 
207(519686): 2(0.180813), 
208(278): 
209(45362): 
210(462210): 3(0.170378), 
211(252125): 
212(418177): 4(0.228978), 
213(104553): 4(0.228005), 
214(527792): 
215(182923): 
216(99026): 
217(51157): 1(0.146798), 
218(296069): 4(0.225025), 
219(149809): 0(0.333265), 
220(380338): 
221(51902): 2(0.113080), 
222(390680): 
223(275861): 3(0.180420), 
224(371029): 3(0.633490), 
225(402379): 3(0.383004), 
226(298254): 0(0.144940), 
227(447224): 2(0.145041), 
228(500473): 2(0.331434), 
229(317146): 1(0.152924), 
230(448214): 1(0.152949), 
231(263317): 
232(59912): 1(0.316133), 
233(230262): 4(0.142776), 
234(109222): 
235(35067): 2(0.145835), 
236(310851): 1(0.342391), 
237(404948): 2(0.228948), 
238(122517): 
239(33710): 
240(374874): 
241(511278): 2(0.156643), 
242(396502): 2(0.261665), 
243(285549): 
244(296111): 3(0.383160), 
245(181025): 3(0.175711), 
246(67016): 
247(172218): 3(0.120415), 
248(301761): 4(0.174115), 
249(496201): 4(0.172590), 
250(52500): 
251(33251): 4(0.178311), 
252(127821): 
253(272957): 
254(70522): 4(0.174132), 
255(443731): 
256(154202): 
257(299055): 1(0.131272), 
258(277713): 
259(231620): 
260(110453): 
261(60627): 
262(38671): 3(0.611902), 
263(181492): 3(0.254553), 
264(42473): 3(0.189245), 
265(219603): 3(0.122978), 
266(84285): 
267(383731): 
268(338128): 
269(145797): 
270(511689): 
271(293587): 
272(285669): 
273(394703): 1(0.131309), 
274(138024): 
275(250046): 3(0.174943), 
276(273209): 
277(123681): 1(0.149601), 
278(211967): 2(0.221575), 
279(365309): 2(0.152661), 
280(430314): 2(0.201168), 
281(168941): 
282(427507): 
283(216422): 
284(313307): 4(0.357979), 
285(182201): 4(0.290736), 
286(289953): 4(0.343387), 
287(353264): 4(0.412654), 
288(355378): 4(0.247696), 
289(443332): 4(0.240450), 
290(347716): 4(0.240530), 
291(85871): 
292(423198): 
293(84693): 3(0.170353), 
294(310236): 2(0.160623), 
295(495476): 
296(393031): 3(0.113970), 
297(504412): 
298(226541): 3(0.175467), 
299(384330): 
300(446298): 1(0.361410), 
301(182435): 1(0.361572), 
302(403034): 1(0.165439), 
303(423306): 1(0.466574), 
304(59532): 
305(370979): 2(0.156538), 
306(416162): 4(0.245105), 
307(263093): 4(0.287710), 
308(68495): 
309(295752): 2(0.161717), 
310(119854): 
311(409356): 
312(471336): 
313(104481): 
314(334788): 
315(376985): 
316(491667): 
317(451931): 
318(313006): 2(0.225562), 
319(96125): 
320(12959): 3(0.186012), 
321(426835): 
322(112056): 
323(217346): 
324(484561): 
325(451488): 
326(399572): 1(0.139430), 
327(45561): 
328(59613): 
329(83510): 3(0.147108), 
330(428993): 
331(287582): 
332(21786): 
333(197919): 
334(440989): 
335(452208): 
336(326874): 
337(417198): 
338(35308): 
339(4328): 
340(304727): 
