0.442405
0.442405
0.442215
0.423741
0.432870
0.437872
0.423741
0.423741
0.423741
0.423741
0.423741
0.423741
0.442405
0.337453
0.442215
0.458146
0.414481
0.432870
0.421426
0.428241
0.442215
0.435254
0.414481
0.419111
0.439916
0.458146
0.419111
0.458146
0.419111
0.439884
0.439916
0.414481
0.416796
0.414481
0.425926
0.428548
0.414481
0.430879
0.430879
0.361640
0.430721
0.414481
0.359616
0.430721
0.430721
0.412150
0.412150
0.428390
0.428390
0.428390
0.428390
0.395833
0.395833
0.428390
0.097561
0.395833
0.393519
0.320000
0.382500
0.398148
0.333333
0.400463
0.386574
0.386574
0.386574
0.386574
0.319444
0.381944
0.382382
0.382382
0.382382
0.319444
