0.131353
0.131353
0.097165
0.097165
0.008276
0.222646
0.219699
0.170617
0.124515
0.124515
0.008276
0.008276
0.008276
0.083490
0.206566
0.097165
0.097165
0.083490
0.083490
0.008276
0.083490
0.083490
0.090327
0.008276
0.097165
0.097165
0.186407
0.097165
0.097165
0.097165
0.097165
0.008276
0.104002
0.008276
0.008276
0.110840
0.008276
0.110840
0.008276
0.104002
0.104002
0.008276
0.174088
0.097165
0.077419
0.104002
0.008276
0.097165
0.090327
0.090327
0.008276
0.120613
0.008276
0.169719
0.083490
0.008276
0.008276
0.144535
0.097165
0.086904
0.080645
0.080645
0.082110
0.080645
0.082110
0.070968
0.095785
0.079032
0.149695
0.095785
0.095785
0.072581
0.095785
0.095785
0.095785
0.095785
0.134368
0.097190
