0(500917): 
1(477967): 0(2.476267), 1(2.476267), 2(2.476267), 3(2.476267), 4(2.476267), 5(2.476267), 
2(6988): 
3(78474): 0(0.764641), 1(0.764641), 2(0.764641), 3(0.764641), 4(0.764641), 5(0.764641), 
4(11264): 
5(209331): 0(10.896478), 1(10.896478), 2(10.896478), 3(10.896478), 4(10.896478), 5(10.896478), 
6(520746): 
7(102717): 
8(75131): 
9(537229): 
10(476092): 
11(69700): 
12(396743): 
13(500905): 
14(476077): 0(0.765053), 1(0.765053), 2(0.765053), 3(0.765053), 4(0.765053), 5(0.765053), 
15(354506): 
16(351562): 
