0(91945): 0(11.581602), 
1(487539): 
2(332908): 0(0.486257), 1(35.407233), 2(13.105393), 
3(546444): 
4(135311): 
5(496242): 2(7.965085), 
6(229019): 0(14.400993), 1(1.405568), 2(2.568032), 
7(80999): 
8(16912): 
9(450997): 
10(456108): 
11(506866): 0(5.216784), 2(0.618205), 
12(35115): 0(26.707970), 
13(105595): 0(4.909079), 
14(11892): 
15(481877): 
16(38731): 1(0.868786), 2(0.617103), 
17(204884): 2(0.488749), 
18(538792): 2(0.574632), 
19(421873): 
20(417921): 2(0.573887), 
21(248070): 1(0.673671), 
22(206810): 
23(3850): 1(1.071845), 
24(411035): 
25(76213): 1(0.786686), 
26(272841): 
27(498600): 1(0.502708), 
28(311508): 1(2.092133), 
29(315328): 
30(193268): 
31(12009): 
32(90260): 2(0.574046), 
33(544871): 
34(285656): 
35(185202): 
36(481998): 
37(18178): 
38(79698): 
39(84005): 
