0(416314): 
1(396422): 0(3.891293), 1(3.891293), 2(3.891293), 
2(293177): 0(2.033828), 1(2.033828), 2(2.033828), 
3(30510): 0(0.517363), 1(0.517363), 2(0.517363), 
4(147416): 0(3.140291), 1(3.140291), 2(3.140291), 
5(508858): 0(9.733345), 1(9.733345), 2(9.733345), 
6(285633): 
7(507893): 
8(223527): 0(0.934714), 1(0.934714), 2(0.934714), 
9(512164): 
10(67500): 
11(382755): 0(0.915702), 1(0.915702), 2(0.915702), 
12(222499): 0(1.062555), 1(1.062555), 2(1.062555), 
13(365385): 
14(17611): 
15(516758): 
16(4761): 
17(493277): 
18(91060): 
19(189757): 
20(257348): 
21(218045): 
22(326014): 
23(459719): 
24(315995): 
25(420183): 
26(474564): 
27(373465): 
28(401252): 
29(183542): 
30(322489): 
31(70437): 
32(405980): 
33(80512): 
34(209188): 
35(26459): 
36(58731): 
37(93043): 
38(73723): 
39(123975): 
40(104658): 
41(419480): 
42(128290): 
43(299108): 
44(311743): 
45(521365): 
46(330500): 
47(70124): 
48(168344): 
49(180256): 
50(224984): 
51(215404): 
52(354094): 
53(536770): 
54(387277): 
55(105707): 
56(27966): 
57(17715): 
58(327094): 
59(476367): 
60(21518): 
61(217344): 
62(412581): 
63(368934): 
64(298784): 
65(206977): 
66(267610): 
67(156917): 
68(479093): 
69(531948): 
70(76250): 
