0(175382): 1(0.537851), 
1(289763): 1(0.583659), 
2(289760): 0(1.737291), 2(1.737291), 
3(119023): 0(0.611763), 2(0.611763), 
4(110393): 
5(289756): 
6(55057): 1(0.988629), 
7(411902): 1(1.447008), 
8(104778): 1(0.534210), 
9(104768): 1(1.973090), 
10(289753): 
11(524040): 
12(289755): 
13(289754): 
14(289751): 
15(104770): 1(0.950012), 
16(289740): 0(1.022474), 2(1.022474), 
17(289743): 0(1.022025), 2(1.022025), 
18(104766): 1(0.859224), 
19(202441): 0(0.854591), 2(0.854591), 
20(119025): 0(0.539411), 2(0.539411), 
21(289742): 0(0.412011), 2(0.412011), 
22(119016): 0(0.449389), 2(0.449389), 
23(289746): 
24(100606): 1(0.627974), 
25(298951): 1(3.700267), 
26(316995): 
27(485327): 1(0.608226), 
28(350370): 
29(193320): 
30(193323): 
31(441676): 
32(62762): 
33(75383): 
34(354662): 
35(304073): 
36(101145): 
37(22190): 
