iter  precision  recall
1  1.000000  0.000477
2  0.500000  0.000477
3  0.333333  0.000477
4  0.250000  0.000477
5  0.200000  0.000477
6  0.166667  0.000477
7  0.142857  0.000477
8  0.125000  0.000477
9  0.111111  0.000477
10  0.100000  0.000477
11  0.090909  0.000477
12  0.083333  0.000477
13  0.076923  0.000477
14  0.071429  0.000477
15  0.066667  0.000477
16  0.062500  0.000477
17  0.058824  0.000477
18  0.055556  0.000477
19  0.052632  0.000477
20  0.050000  0.000477
21  0.047619  0.000477
22  0.045455  0.000477
23  0.043478  0.000477
24  0.041667  0.000477
25  0.040000  0.000477
26  0.038462  0.000477
27  0.037037  0.000477
28  0.035714  0.000477
29  0.034483  0.000477
30  0.033333  0.000477
31  0.032258  0.000477
32  0.031250  0.000477
33  0.030303  0.000477
34  0.029412  0.000477
35  0.028571  0.000477
36  0.027778  0.000477
37  0.027027  0.000477
38  0.026316  0.000477
39  0.025641  0.000477
40  0.025000  0.000477
41  0.024390  0.000477
42  0.023810  0.000477
43  0.023256  0.000477
44  0.022727  0.000477
45  0.022222  0.000477
46  0.021739  0.000477
47  0.021277  0.000477
48  0.020833  0.000477
49  0.020408  0.000477
50  0.020000  0.000477
51  0.019608  0.000477
52  0.019231  0.000477
53  0.018868  0.000477
54  0.018519  0.000477
55  0.018182  0.000477
56  0.017857  0.000477
57  0.017544  0.000477
58  0.017241  0.000477
59  0.016949  0.000477
60  0.016667  0.000477
61  0.016393  0.000477
62  0.016129  0.000477
63  0.015873  0.000477
64  0.015625  0.000477
65  0.015385  0.000477
66  0.015152  0.000477
67  0.014925  0.000477
68  0.014706  0.000477
69  0.014493  0.000477
70  0.014286  0.000477
71  0.014085  0.000477
72  0.013889  0.000477
73  0.013699  0.000477
74  0.013514  0.000477
75  0.013333  0.000477
76  0.013158  0.000477
77  0.012987  0.000477
78  0.012821  0.000477
79  0.012658  0.000477
80  0.012500  0.000477
81  0.012346  0.000477
82  0.012195  0.000477
83  0.012048  0.000477
84  0.011905  0.000477
85  0.011765  0.000477
86  0.011628  0.000477
87  0.011494  0.000477
88  0.011364  0.000477
89  0.011236  0.000477
90  0.011111  0.000477
91  0.010989  0.000477
92  0.010870  0.000477
93  0.010753  0.000477
94  0.010638  0.000477
95  0.010526  0.000477
96  0.010417  0.000477
97  0.010309  0.000477
98  0.010204  0.000477
99  0.010101  0.000477
100  0.010000  0.000477
101  0.009901  0.000477
102  0.019608  0.000954
103  0.019417  0.000954
104  0.019231  0.000954
105  0.019048  0.000954
106  0.018868  0.000954
107  0.018692  0.000954
108  0.018519  0.000954
109  0.018349  0.000954
110  0.018182  0.000954
111  0.018018  0.000954
112  0.017857  0.000954
113  0.017699  0.000954
114  0.017544  0.000954
115  0.017391  0.000954
116  0.017241  0.000954
117  0.017094  0.000954
118  0.016949  0.000954
119  0.016807  0.000954
120  0.016667  0.000954
121  0.016529  0.000954
122  0.016393  0.000954
123  0.016260  0.000954
124  0.016129  0.000954
125  0.016000  0.000954
126  0.015873  0.000954
127  0.015748  0.000954
128  0.015625  0.000954
129  0.015504  0.000954
130  0.015385  0.000954
131  0.015267  0.000954
132  0.015152  0.000954
133  0.015038  0.000954
134  0.014925  0.000954
135  0.014815  0.000954
136  0.014706  0.000954
137  0.014599  0.000954
138  0.014493  0.000954
139  0.014388  0.000954
140  0.014286  0.000954
141  0.014184  0.000954
142  0.014085  0.000954
143  0.013986  0.000954
144  0.013889  0.000954
145  0.013793  0.000954
146  0.013699  0.000954
147  0.013605  0.000954
148  0.013514  0.000954
149  0.013423  0.000954
150  0.013333  0.000954
151  0.013245  0.000954
152  0.013158  0.000954
153  0.013072  0.000954
154  0.012987  0.000954
155  0.012903  0.000954
156  0.012821  0.000954
157  0.012739  0.000954
158  0.012658  0.000954
159  0.012579  0.000954
160  0.012500  0.000954
161  0.012422  0.000954
162  0.012346  0.000954
163  0.012270  0.000954
164  0.012195  0.000954
165  0.012121  0.000954
166  0.012048  0.000954
167  0.011976  0.000954
168  0.011905  0.000954
169  0.011834  0.000954
170  0.011765  0.000954
171  0.011696  0.000954
172  0.011628  0.000954
173  0.011561  0.000954
174  0.011494  0.000954
175  0.011429  0.000954
176  0.011364  0.000954
177  0.011299  0.000954
178  0.011236  0.000954
179  0.011173  0.000954
180  0.011111  0.000954
181  0.011050  0.000954
182  0.010989  0.000954
183  0.010929  0.000954
184  0.010870  0.000954
185  0.010811  0.000954
186  0.010753  0.000954
187  0.010695  0.000954
188  0.010638  0.000954
189  0.010582  0.000954
190  0.010526  0.000954
191  0.010471  0.000954
192  0.010417  0.000954
193  0.010363  0.000954
194  0.010309  0.000954
195  0.010256  0.000954
196  0.010204  0.000954
197  0.010152  0.000954
198  0.010101  0.000954
199  0.010050  0.000954
200  0.010000  0.000954
201  0.009950  0.000954
202  0.009901  0.000954
203  0.009852  0.000954
204  0.009804  0.000954
205  0.009756  0.000954
206  0.014563  0.001431
207  0.014493  0.001431
208  0.014423  0.001431
209  0.014354  0.001431
210  0.014286  0.001431
211  0.014218  0.001431
212  0.014151  0.001431
213  0.014085  0.001431
214  0.014019  0.001431
215  0.013953  0.001431
216  0.013889  0.001431
217  0.013825  0.001431
218  0.013761  0.001431
219  0.013699  0.001431
220  0.013636  0.001431
221  0.013575  0.001431
222  0.013514  0.001431
223  0.013453  0.001431
224  0.013393  0.001431
225  0.013333  0.001431
226  0.013274  0.001431
227  0.013216  0.001431
228  0.013158  0.001431
229  0.013100  0.001431
230  0.013043  0.001431
231  0.017316  0.001907
232  0.017241  0.001907
233  0.017167  0.001907
234  0.017094  0.001907
235  0.017021  0.001907
236  0.016949  0.001907
237  0.016878  0.001907
238  0.016807  0.001907
239  0.016736  0.001907
240  0.016667  0.001907
241  0.016598  0.001907
242  0.016529  0.001907
243  0.016461  0.001907
244  0.016393  0.001907
245  0.016327  0.001907
246  0.016260  0.001907
247  0.016194  0.001907
248  0.016129  0.001907
249  0.016064  0.001907
250  0.016000  0.001907
251  0.015936  0.001907
252  0.015873  0.001907
253  0.015810  0.001907
254  0.015748  0.001907
255  0.015686  0.001907
256  0.015625  0.001907
257  0.015564  0.001907
258  0.015504  0.001907
259  0.015444  0.001907
260  0.015385  0.001907
261  0.019157  0.002384
262  0.022901  0.002861
263  0.022814  0.002861
264  0.022727  0.002861
265  0.022642  0.002861
266  0.022556  0.002861
267  0.022472  0.002861
268  0.022388  0.002861
269  0.022305  0.002861
270  0.022222  0.002861
271  0.022140  0.002861
272  0.025735  0.003338
273  0.025641  0.003338
274  0.025547  0.003338
275  0.025455  0.003338
276  0.025362  0.003338
277  0.025271  0.003338
278  0.025180  0.003338
279  0.025090  0.003338
280  0.025000  0.003338
281  0.024911  0.003338
282  0.024823  0.003338
283  0.024735  0.003338
284  0.024648  0.003338
285  0.024561  0.003338
286  0.024476  0.003338
287  0.024390  0.003338
288  0.024306  0.003338
289  0.024221  0.003338
290  0.024138  0.003338
291  0.024055  0.003338
292  0.023973  0.003338
293  0.023891  0.003338
294  0.023810  0.003338
295  0.023729  0.003338
296  0.023649  0.003338
297  0.023569  0.003338
298  0.023490  0.003338
299  0.023411  0.003338
300  0.023333  0.003338
301  0.023256  0.003338
302  0.023179  0.003338
303  0.023102  0.003338
304  0.023026  0.003338
305  0.022951  0.003338
306  0.022876  0.003338
307  0.022801  0.003338
308  0.022727  0.003338
309  0.022654  0.003338
310  0.022581  0.003338
311  0.022508  0.003338
312  0.022436  0.003338
313  0.022364  0.003338
314  0.022293  0.003338
315  0.022222  0.003338
316  0.022152  0.003338
317  0.022082  0.003338
318  0.022013  0.003338
319  0.021944  0.003338
320  0.021875  0.003338
321  0.021807  0.003338
322  0.021739  0.003338
323  0.021672  0.003338
324  0.021605  0.003338
325  0.021538  0.003338
326  0.021472  0.003338
327  0.021407  0.003338
328  0.021341  0.003338
329  0.021277  0.003338
330  0.021212  0.003338
331  0.021148  0.003338
332  0.021084  0.003338
333  0.021021  0.003338
334  0.020958  0.003338
335  0.020896  0.003338
336  0.020833  0.003338
337  0.020772  0.003338
338  0.020710  0.003338
339  0.020649  0.003338
340  0.020588  0.003338
341  0.020528  0.003338
342  0.020468  0.003338
343  0.020408  0.003338
344  0.020349  0.003338
345  0.020290  0.003338
346  0.020231  0.003338
347  0.020173  0.003338
348  0.020115  0.003338
349  0.020057  0.003338
350  0.020000  0.003338
351  0.019943  0.003338
352  0.019886  0.003338
353  0.019830  0.003338
354  0.019774  0.003338
355  0.019718  0.003338
356  0.019663  0.003338
357  0.019608  0.003338
358  0.019553  0.003338
359  0.019499  0.003338
360  0.019444  0.003338
361  0.019391  0.003338
362  0.019337  0.003338
363  0.019284  0.003338
364  0.019231  0.003338
365  0.021918  0.003815
366  0.024590  0.004292
367  0.024523  0.004292
368  0.024457  0.004292
369  0.024390  0.004292
370  0.024324  0.004292
371  0.024259  0.004292
372  0.024194  0.004292
373  0.024129  0.004292
374  0.024064  0.004292
375  0.024000  0.004292
376  0.023936  0.004292
377  0.023873  0.004292
378  0.023810  0.004292
379  0.023747  0.004292
380  0.023684  0.004292
381  0.023622  0.004292
382  0.023560  0.004292
383  0.023499  0.004292
384  0.023438  0.004292
385  0.025974  0.004769
386  0.025907  0.004769
387  0.028424  0.005246
388  0.028351  0.005246
389  0.028278  0.005246
390  0.028205  0.005246
391  0.028133  0.005246
392  0.028061  0.005246
393  0.027990  0.005246
394  0.027919  0.005246
395  0.027848  0.005246
396  0.027778  0.005246
397  0.027708  0.005246
398  0.027638  0.005246
399  0.027569  0.005246
400  0.027500  0.005246
401  0.027431  0.005246
402  0.027363  0.005246
403  0.027295  0.005246
404  0.027228  0.005246
405  0.027160  0.005246
406  0.027094  0.005246
407  0.027027  0.005246
408  0.026961  0.005246
409  0.026895  0.005246
410  0.026829  0.005246
411  0.026764  0.005246
412  0.026699  0.005246
413  0.026634  0.005246
414  0.026570  0.005246
415  0.026506  0.005246
416  0.026442  0.005246
417  0.026379  0.005246
418  0.026316  0.005246
419  0.026253  0.005246
420  0.026190  0.005246
421  0.026128  0.005246
422  0.026066  0.005246
423  0.026005  0.005246
424  0.028302  0.005722
425  0.028235  0.005722
426  0.028169  0.005722
427  0.028103  0.005722
428  0.028037  0.005722
429  0.027972  0.005722
430  0.027907  0.005722
431  0.027842  0.005722
432  0.027778  0.005722
433  0.027714  0.005722
434  0.027650  0.005722
435  0.027586  0.005722
436  0.027523  0.005722
437  0.027460  0.005722
438  0.027397  0.005722
439  0.027335  0.005722
440  0.027273  0.005722
441  0.027211  0.005722
442  0.027149  0.005722
443  0.027088  0.005722
444  0.027027  0.005722
445  0.026966  0.005722
446  0.026906  0.005722
447  0.026846  0.005722
448  0.026786  0.005722
449  0.028953  0.006199
450  0.028889  0.006199
451  0.028825  0.006199
452  0.028761  0.006199
453  0.028698  0.006199
454  0.028634  0.006199
455  0.028571  0.006199
456  0.028509  0.006199
457  0.028446  0.006199
458  0.028384  0.006199
459  0.028322  0.006199
460  0.028261  0.006199
461  0.028200  0.006199
462  0.028139  0.006199
463  0.028078  0.006199
464  0.028017  0.006199
465  0.027957  0.006199
466  0.027897  0.006199
467  0.027837  0.006199
468  0.027778  0.006199
469  0.027719  0.006199
470  0.027660  0.006199
471  0.027601  0.006199
472  0.027542  0.006199
473  0.027484  0.006199
474  0.027426  0.006199
475  0.027368  0.006199
476  0.027311  0.006199
477  0.027254  0.006199
478  0.027197  0.006199
479  0.027140  0.006199
480  0.027083  0.006199
481  0.027027  0.006199
482  0.026971  0.006199
483  0.026915  0.006199
484  0.026860  0.006199
485  0.026804  0.006199
486  0.026749  0.006199
487  0.026694  0.006199
488  0.026639  0.006199
489  0.026585  0.006199
490  0.026531  0.006199
491  0.026477  0.006199
492  0.026423  0.006199
493  0.026369  0.006199
494  0.026316  0.006199
495  0.026263  0.006199
496  0.026210  0.006199
497  0.026157  0.006199
498  0.026104  0.006199
499  0.026052  0.006199
500  0.026000  0.006199
