0(395540): 
1(288516): 3(5.995725), 
2(38967): 3(1.140660), 
3(238822): 
4(68765): 3(1.398621), 
5(515626): 0(1.128439), 1(1.128439), 2(1.128439), 
6(512330): 0(11.117855), 1(11.117855), 2(11.117855), 
7(469529): 0(1.131918), 1(1.131918), 2(1.131918), 
8(253947): 0(1.132381), 1(1.132381), 2(1.132381), 
9(21239): 
10(222692): 
11(320612): 
12(397776): 
13(538371): 
14(69644): 
15(175766): 
16(95845): 
17(442479): 3(2.870121), 
18(438576): 3(2.107233), 
19(380516): 3(1.894295), 
20(352628): 3(0.530543), 
21(9668): 3(0.802014), 
22(184412): 
23(399826): 
24(179813): 
25(162406): 3(0.413737), 
26(285343): 
27(368443): 
