iter  precision  recall
1  0.000000  0.000000
2  0.000000  0.000000
3  0.000000  0.000000
4  0.000000  0.000000
5  0.000000  0.000000
6  0.000000  0.000000
7  0.000000  0.000000
8  0.000000  0.000000
9  0.000000  0.000000
10  0.000000  0.000000
11  0.000000  0.000000
12  0.000000  0.000000
13  0.076923  0.000537
14  0.071429  0.000537
15  0.066667  0.000537
16  0.062500  0.000537
17  0.058824  0.000537
18  0.111111  0.001074
19  0.105263  0.001074
20  0.100000  0.001074
21  0.095238  0.001074
22  0.090909  0.001074
23  0.086957  0.001074
24  0.083333  0.001074
25  0.080000  0.001074
26  0.076923  0.001074
27  0.074074  0.001074
28  0.071429  0.001074
29  0.068966  0.001074
30  0.066667  0.001074
31  0.064516  0.001074
32  0.062500  0.001074
33  0.060606  0.001074
34  0.058824  0.001074
35  0.057143  0.001074
36  0.055556  0.001074
37  0.054054  0.001074
38  0.052632  0.001074
39  0.051282  0.001074
40  0.050000  0.001074
41  0.048780  0.001074
42  0.047619  0.001074
43  0.046512  0.001074
44  0.045455  0.001074
45  0.044444  0.001074
46  0.043478  0.001074
47  0.042553  0.001074
48  0.041667  0.001074
49  0.040816  0.001074
50  0.040000  0.001074
51  0.039216  0.001074
52  0.038462  0.001074
53  0.037736  0.001074
54  0.037037  0.001074
55  0.036364  0.001074
56  0.035714  0.001074
57  0.035088  0.001074
58  0.034483  0.001074
59  0.033898  0.001074
60  0.033333  0.001074
61  0.049180  0.001610
62  0.048387  0.001610
63  0.047619  0.001610
64  0.046875  0.001610
65  0.046154  0.001610
66  0.045455  0.001610
67  0.044776  0.001610
68  0.044118  0.001610
69  0.043478  0.001610
70  0.042857  0.001610
71  0.042254  0.001610
72  0.041667  0.001610
73  0.054795  0.002147
74  0.054054  0.002147
75  0.053333  0.002147
76  0.052632  0.002147
77  0.051948  0.002147
78  0.051282  0.002147
79  0.050633  0.002147
80  0.050000  0.002147
81  0.061728  0.002684
82  0.060976  0.002684
83  0.060241  0.002684
84  0.059524  0.002684
85  0.058824  0.002684
86  0.058140  0.002684
87  0.057471  0.002684
88  0.056818  0.002684
89  0.056180  0.002684
90  0.055556  0.002684
91  0.054945  0.002684
92  0.054348  0.002684
93  0.053763  0.002684
94  0.053191  0.002684
95  0.052632  0.002684
96  0.052083  0.002684
97  0.051546  0.002684
98  0.051020  0.002684
99  0.050505  0.002684
100  0.050000  0.002684
101  0.049505  0.002684
102  0.049020  0.002684
103  0.048544  0.002684
104  0.057692  0.003221
105  0.057143  0.003221
106  0.056604  0.003221
107  0.056075  0.003221
108  0.055556  0.003221
109  0.055046  0.003221
110  0.054545  0.003221
111  0.054054  0.003221
112  0.053571  0.003221
113  0.053097  0.003221
114  0.052632  0.003221
115  0.052174  0.003221
116  0.051724  0.003221
117  0.051282  0.003221
118  0.050847  0.003221
119  0.050420  0.003221
120  0.050000  0.003221
121  0.049587  0.003221
122  0.049180  0.003221
123  0.048780  0.003221
124  0.048387  0.003221
125  0.048000  0.003221
126  0.047619  0.003221
127  0.047244  0.003221
128  0.046875  0.003221
129  0.046512  0.003221
130  0.046154  0.003221
131  0.045802  0.003221
132  0.045455  0.003221
133  0.045113  0.003221
134  0.044776  0.003221
135  0.044444  0.003221
136  0.044118  0.003221
137  0.043796  0.003221
138  0.043478  0.003221
139  0.043165  0.003221
140  0.042857  0.003221
141  0.042553  0.003221
142  0.042254  0.003221
143  0.041958  0.003221
144  0.041667  0.003221
145  0.041379  0.003221
146  0.041096  0.003221
147  0.040816  0.003221
148  0.040541  0.003221
149  0.040268  0.003221
150  0.040000  0.003221
151  0.039735  0.003221
152  0.039474  0.003221
153  0.039216  0.003221
154  0.038961  0.003221
155  0.038710  0.003221
156  0.038462  0.003221
157  0.038217  0.003221
158  0.037975  0.003221
159  0.037736  0.003221
160  0.037500  0.003221
161  0.037267  0.003221
162  0.043210  0.003757
163  0.042945  0.003757
164  0.042683  0.003757
165  0.042424  0.003757
166  0.042169  0.003757
167  0.041916  0.003757
168  0.041667  0.003757
169  0.041420  0.003757
170  0.041176  0.003757
171  0.040936  0.003757
172  0.040698  0.003757
173  0.040462  0.003757
174  0.040230  0.003757
175  0.040000  0.003757
176  0.039773  0.003757
177  0.039548  0.003757
178  0.039326  0.003757
179  0.039106  0.003757
180  0.038889  0.003757
181  0.038674  0.003757
182  0.038462  0.003757
183  0.038251  0.003757
184  0.038043  0.003757
185  0.037838  0.003757
186  0.037634  0.003757
187  0.037433  0.003757
188  0.037234  0.003757
189  0.037037  0.003757
190  0.036842  0.003757
191  0.036649  0.003757
192  0.036458  0.003757
193  0.036269  0.003757
194  0.036082  0.003757
195  0.035897  0.003757
196  0.035714  0.003757
197  0.035533  0.003757
198  0.035354  0.003757
199  0.035176  0.003757
200  0.035000  0.003757
201  0.034826  0.003757
202  0.034653  0.003757
203  0.034483  0.003757
204  0.034314  0.003757
205  0.034146  0.003757
206  0.033981  0.003757
207  0.033816  0.003757
208  0.033654  0.003757
209  0.033493  0.003757
210  0.033333  0.003757
211  0.033175  0.003757
212  0.033019  0.003757
213  0.032864  0.003757
214  0.037383  0.004294
215  0.037209  0.004294
216  0.037037  0.004294
217  0.036866  0.004294
218  0.036697  0.004294
219  0.036530  0.004294
220  0.036364  0.004294
221  0.036199  0.004294
222  0.036036  0.004294
223  0.035874  0.004294
224  0.035714  0.004294
225  0.035556  0.004294
226  0.035398  0.004294
227  0.035242  0.004294
228  0.035088  0.004294
229  0.034934  0.004294
230  0.034783  0.004294
231  0.034632  0.004294
232  0.034483  0.004294
233  0.034335  0.004294
234  0.034188  0.004294
235  0.034043  0.004294
236  0.033898  0.004294
237  0.033755  0.004294
238  0.033613  0.004294
239  0.037657  0.004831
240  0.037500  0.004831
241  0.037344  0.004831
242  0.037190  0.004831
243  0.037037  0.004831
244  0.036885  0.004831
245  0.036735  0.004831
246  0.036585  0.004831
247  0.036437  0.004831
248  0.036290  0.004831
249  0.036145  0.004831
250  0.036000  0.004831
251  0.035857  0.004831
252  0.035714  0.004831
253  0.035573  0.004831
254  0.035433  0.004831
255  0.035294  0.004831
256  0.035156  0.004831
257  0.035019  0.004831
258  0.034884  0.004831
259  0.034749  0.004831
260  0.034615  0.004831
261  0.034483  0.004831
262  0.034351  0.004831
263  0.038023  0.005368
264  0.037879  0.005368
265  0.037736  0.005368
266  0.041353  0.005904
267  0.041199  0.005904
268  0.041045  0.005904
269  0.040892  0.005904
270  0.040741  0.005904
271  0.040590  0.005904
272  0.040441  0.005904
273  0.040293  0.005904
274  0.040146  0.005904
275  0.040000  0.005904
276  0.039855  0.005904
277  0.039711  0.005904
278  0.039568  0.005904
279  0.039427  0.005904
280  0.039286  0.005904
281  0.039146  0.005904
282  0.039007  0.005904
283  0.038869  0.005904
284  0.042254  0.006441
285  0.042105  0.006441
286  0.041958  0.006441
287  0.041812  0.006441
288  0.041667  0.006441
289  0.041522  0.006441
290  0.041379  0.006441
291  0.041237  0.006441
292  0.041096  0.006441
293  0.040956  0.006441
294  0.040816  0.006441
295  0.040678  0.006441
296  0.040541  0.006441
297  0.040404  0.006441
298  0.040268  0.006441
299  0.040134  0.006441
300  0.040000  0.006441
301  0.039867  0.006441
302  0.039735  0.006441
303  0.039604  0.006441
304  0.039474  0.006441
305  0.039344  0.006441
306  0.042484  0.006978
307  0.042345  0.006978
308  0.042208  0.006978
309  0.042071  0.006978
310  0.041935  0.006978
311  0.041801  0.006978
312  0.041667  0.006978
313  0.041534  0.006978
314  0.041401  0.006978
315  0.041270  0.006978
316  0.041139  0.006978
317  0.041009  0.006978
318  0.040881  0.006978
319  0.040752  0.006978
320  0.040625  0.006978
321  0.040498  0.006978
322  0.040373  0.006978
323  0.040248  0.006978
324  0.043210  0.007515
325  0.046154  0.008052
326  0.046012  0.008052
327  0.045872  0.008052
328  0.045732  0.008052
329  0.045593  0.008052
330  0.045455  0.008052
331  0.045317  0.008052
332  0.045181  0.008052
333  0.045045  0.008052
334  0.044910  0.008052
335  0.044776  0.008052
336  0.044643  0.008052
337  0.044510  0.008052
338  0.044379  0.008052
339  0.044248  0.008052
340  0.044118  0.008052
341  0.043988  0.008052
342  0.043860  0.008052
343  0.043732  0.008052
344  0.043605  0.008052
345  0.046377  0.008588
346  0.046243  0.008588
347  0.046110  0.008588
348  0.045977  0.008588
349  0.045845  0.008588
350  0.045714  0.008588
351  0.045584  0.008588
352  0.045455  0.008588
353  0.045326  0.008588
354  0.045198  0.008588
355  0.045070  0.008588
356  0.044944  0.008588
357  0.044818  0.008588
358  0.044693  0.008588
359  0.044568  0.008588
360  0.044444  0.008588
361  0.044321  0.008588
362  0.044199  0.008588
363  0.044077  0.008588
364  0.043956  0.008588
365  0.043836  0.008588
366  0.043716  0.008588
367  0.043597  0.008588
368  0.043478  0.008588
369  0.043360  0.008588
370  0.043243  0.008588
371  0.043127  0.008588
372  0.043011  0.008588
373  0.042895  0.008588
374  0.042781  0.008588
375  0.042667  0.008588
376  0.042553  0.008588
377  0.042440  0.008588
378  0.042328  0.008588
379  0.042216  0.008588
380  0.042105  0.008588
381  0.041995  0.008588
382  0.041885  0.008588
383  0.041775  0.008588
384  0.041667  0.008588
385  0.041558  0.008588
386  0.041451  0.008588
387  0.041344  0.008588
388  0.041237  0.008588
389  0.041131  0.008588
390  0.041026  0.008588
391  0.040921  0.008588
392  0.040816  0.008588
393  0.040712  0.008588
394  0.043147  0.009125
395  0.045570  0.009662
396  0.045455  0.009662
397  0.045340  0.009662
398  0.045226  0.009662
399  0.045113  0.009662
400  0.045000  0.009662
401  0.044888  0.009662
402  0.044776  0.009662
403  0.044665  0.009662
404  0.044554  0.009662
405  0.044444  0.009662
406  0.044335  0.009662
407  0.044226  0.009662
408  0.044118  0.009662
409  0.044010  0.009662
410  0.043902  0.009662
411  0.043796  0.009662
412  0.043689  0.009662
413  0.043584  0.009662
414  0.043478  0.009662
415  0.043373  0.009662
416  0.043269  0.009662
417  0.043165  0.009662
418  0.043062  0.009662
419  0.042959  0.009662
420  0.042857  0.009662
421  0.042755  0.009662
422  0.042654  0.009662
423  0.042553  0.009662
424  0.042453  0.009662
425  0.042353  0.009662
426  0.042254  0.009662
427  0.042155  0.009662
428  0.042056  0.009662
429  0.041958  0.009662
430  0.041860  0.009662
431  0.041763  0.009662
432  0.041667  0.009662
433  0.041570  0.009662
434  0.041475  0.009662
435  0.043678  0.010199
436  0.043578  0.010199
437  0.043478  0.010199
438  0.043379  0.010199
439  0.043280  0.010199
440  0.045455  0.010735
441  0.045351  0.010735
442  0.047511  0.011272
443  0.049661  0.011809
444  0.049550  0.011809
445  0.051685  0.012346
446  0.051570  0.012346
447  0.051454  0.012346
448  0.053571  0.012882
449  0.053452  0.012882
450  0.055556  0.013419
451  0.057650  0.013956
452  0.057522  0.013956
453  0.057395  0.013956
454  0.057269  0.013956
455  0.057143  0.013956
456  0.057018  0.013956
457  0.056893  0.013956
458  0.056769  0.013956
459  0.056645  0.013956
460  0.056522  0.013956
461  0.056399  0.013956
462  0.056277  0.013956
463  0.056156  0.013956
464  0.056034  0.013956
465  0.055914  0.013956
466  0.055794  0.013956
467  0.055675  0.013956
468  0.055556  0.013956
469  0.055437  0.013956
470  0.055319  0.013956
471  0.055202  0.013956
472  0.057203  0.014493
473  0.057082  0.014493
474  0.056962  0.014493
475  0.056842  0.014493
476  0.056723  0.014493
477  0.056604  0.014493
478  0.056485  0.014493
479  0.056367  0.014493
480  0.056250  0.014493
481  0.056133  0.014493
482  0.056017  0.014493
483  0.055901  0.014493
484  0.055785  0.014493
485  0.057732  0.015030
486  0.057613  0.015030
487  0.057495  0.015030
488  0.057377  0.015030
489  0.057260  0.015030
490  0.057143  0.015030
491  0.057026  0.015030
492  0.056911  0.015030
493  0.056795  0.015030
494  0.056680  0.015030
495  0.056566  0.015030
496  0.056452  0.015030
497  0.056338  0.015030
498  0.056225  0.015030
499  0.056112  0.015030
500  0.056000  0.015030
