0(362616): 2(1.108071), 
1(338450): 2(1.363384), 
2(422092): 2(0.445117), 3(1.671092), 
3(446004): 2(1.693689), 
4(399903): 2(1.106692), 
5(469968): 2(0.879734), 3(0.544153), 
6(328880): 2(1.380350), 
7(390464): 2(0.493288), 
8(434233): 2(0.700797), 
9(232538): 3(6.112241), 
10(464728): 3(0.914529), 
11(310403): 3(1.501880), 
12(247254): 
13(252836): 2(0.671054), 3(0.569265), 
14(5208): 3(2.145957), 
15(42732): 3(0.608820), 
16(219094): 3(0.932735), 
17(410172): 2(0.502099), 
18(99684): 2(0.631781), 
19(386468): 2(0.623426), 
20(223919): 
21(420903): 1(3.016526), 
22(143299): 0(1.584726), 
23(521639): 0(0.907491), 
24(167382): 0(0.389584), 
25(201745): 0(0.640836), 
26(222799): 0(1.470790), 
27(416982): 0(4.612574), 
28(117261): 0(0.661272), 
29(76957): 
30(462544): 2(0.410502), 
31(50077): 2(0.604318), 
32(187418): 1(0.497938), 
33(324951): 1(0.914151), 
34(126278): 1(0.928806), 
35(464994): 1(0.604977), 
36(454321): 1(1.458654), 
37(343412): 0(0.879659), 
38(489414): 0(2.017414), 
39(272148): 0(1.027361), 
40(458374): 0(0.369571), 
41(436556): 0(1.716499), 
42(396443): 1(1.171274), 
43(162503): 1(1.092489), 
44(180614): 0(0.481712), 
45(440723): 
46(334802): 
47(358945): 
48(385185): 
49(25930): 
