0 530270
1 170387
2 413248
3 478514
4 297644
5 65296
6 78028
7 510417
8 360322
9 510530
10 443747
11 32100
12 544322
13 40583
14 539784
15 177466
16 483861
17 139317
18 38822
19 34250
20 483396
21 292080
22 371991
23 435810
24 47550
25 415287
26 31488
27 209080
28 362275
29 119495
30 96479
31 279398
32 521217
33 164157
34 251391
35 396135
36 64429
37 66910
38 83362
39 521184
40 162361
41 72727
42 199961
43 201708
44 80013
45 13679
46 241304
47 141005
48 187476
49 122267
50 97661
51 34937
52 290337
53 14299
54 378689
55 163486
56 30348
57 503446
58 132670
59 213786
60 68712
61 475188
62 321742
