0.128805
0.128805
0.126779
0.192024
0.126779
0.126779
0.161523
0.128299
0.126779
0.212735
0.242871
0.126779
0.088785
0.126779
0.154245
0.126779
0.239559
0.226114
0.127286
0.207799
0.126779
0.120590
0.228220
0.172318
0.127403
0.120706
0.314385
0.237174
0.297024
0.224365
0.168469
0.304519
0.126272
0.204154
0.127286
0.198444
0.088785
0.232598
0.125766
0.251050
0.126387
0.126387
0.264220
0.126895
0.256540
0.126895
0.185738
0.201024
0.234743
0.127403
0.127911
0.121722
0.238376
0.120706
0.082596
0.122230
0.122230
0.216442
0.154167
0.040650
0.040650
0.000000
0.118821
0.078171
0.256480
0.118313
0.078171
0.039634
0.114855
0.114855
0.039634
0.000000
0.217047
0.230017
0.110431
0.039634
0.039634
0.039634
0.039634
0.000000
0.243243
0.070796
0.164445
0.000000
0.034553
0.034553
0.126844
0.161905
0.035569
0.000000
0.034553
0.155497
0.034553
0.000000
0.000000
0.033537
0.001524
0.032520
