iter  precision  recall
1  1.000000  0.000477
2  0.500000  0.000477
3  0.333333  0.000477
4  0.250000  0.000477
5  0.200000  0.000477
6  0.166667  0.000477
7  0.142857  0.000477
8  0.125000  0.000477
9  0.111111  0.000477
10  0.100000  0.000477
11  0.090909  0.000477
12  0.083333  0.000477
13  0.076923  0.000477
14  0.071429  0.000477
15  0.066667  0.000477
16  0.062500  0.000477
17  0.058824  0.000477
18  0.055556  0.000477
19  0.052632  0.000477
20  0.050000  0.000477
21  0.047619  0.000477
22  0.045455  0.000477
23  0.043478  0.000477
24  0.041667  0.000477
25  0.040000  0.000477
26  0.038462  0.000477
27  0.037037  0.000477
28  0.035714  0.000477
29  0.034483  0.000477
30  0.033333  0.000477
31  0.032258  0.000477
32  0.031250  0.000477
33  0.030303  0.000477
34  0.029412  0.000477
35  0.028571  0.000477
36  0.027778  0.000477
37  0.027027  0.000477
38  0.026316  0.000477
39  0.025641  0.000477
40  0.025000  0.000477
41  0.024390  0.000477
42  0.023810  0.000477
43  0.023256  0.000477
44  0.022727  0.000477
45  0.022222  0.000477
46  0.021739  0.000477
47  0.021277  0.000477
48  0.020833  0.000477
49  0.020408  0.000477
50  0.020000  0.000477
51  0.019608  0.000477
52  0.019231  0.000477
53  0.018868  0.000477
54  0.018519  0.000477
55  0.018182  0.000477
56  0.017857  0.000477
57  0.017544  0.000477
58  0.017241  0.000477
59  0.016949  0.000477
60  0.016667  0.000477
61  0.016393  0.000477
62  0.016129  0.000477
63  0.015873  0.000477
64  0.015625  0.000477
65  0.015385  0.000477
66  0.015152  0.000477
67  0.014925  0.000477
68  0.014706  0.000477
69  0.014493  0.000477
70  0.014286  0.000477
71  0.014085  0.000477
72  0.013889  0.000477
73  0.013699  0.000477
74  0.013514  0.000477
75  0.013333  0.000477
76  0.013158  0.000477
77  0.012987  0.000477
78  0.012821  0.000477
79  0.012658  0.000477
80  0.012500  0.000477
81  0.012346  0.000477
82  0.012195  0.000477
83  0.012048  0.000477
84  0.011905  0.000477
85  0.011765  0.000477
86  0.011628  0.000477
87  0.011494  0.000477
88  0.011364  0.000477
89  0.011236  0.000477
90  0.011111  0.000477
91  0.010989  0.000477
92  0.010870  0.000477
93  0.010753  0.000477
94  0.010638  0.000477
95  0.010526  0.000477
96  0.010417  0.000477
97  0.010309  0.000477
98  0.010204  0.000477
99  0.010101  0.000477
100  0.010000  0.000477
101  0.009901  0.000477
102  0.009804  0.000477
103  0.009709  0.000477
104  0.009615  0.000477
105  0.009524  0.000477
106  0.009434  0.000477
107  0.009346  0.000477
108  0.009259  0.000477
109  0.009174  0.000477
110  0.009091  0.000477
111  0.009009  0.000477
112  0.008929  0.000477
113  0.008850  0.000477
114  0.008772  0.000477
115  0.008696  0.000477
116  0.008621  0.000477
117  0.008547  0.000477
118  0.008475  0.000477
119  0.008403  0.000477
120  0.008333  0.000477
121  0.008264  0.000477
122  0.008197  0.000477
123  0.008130  0.000477
124  0.008065  0.000477
125  0.008000  0.000477
126  0.007937  0.000477
127  0.007874  0.000477
128  0.007812  0.000477
129  0.007752  0.000477
130  0.007692  0.000477
131  0.007634  0.000477
132  0.007576  0.000477
133  0.007519  0.000477
134  0.007463  0.000477
135  0.007407  0.000477
136  0.007353  0.000477
137  0.007299  0.000477
138  0.007246  0.000477
139  0.007194  0.000477
140  0.007143  0.000477
141  0.007092  0.000477
142  0.007042  0.000477
143  0.006993  0.000477
144  0.006944  0.000477
145  0.006897  0.000477
146  0.006849  0.000477
147  0.006803  0.000477
148  0.006757  0.000477
149  0.006711  0.000477
150  0.006667  0.000477
151  0.006623  0.000477
152  0.006579  0.000477
153  0.006536  0.000477
154  0.006494  0.000477
155  0.006452  0.000477
156  0.006410  0.000477
157  0.006369  0.000477
158  0.006329  0.000477
159  0.006289  0.000477
160  0.006250  0.000477
161  0.006211  0.000477
162  0.006173  0.000477
163  0.006135  0.000477
164  0.006098  0.000477
165  0.006061  0.000477
166  0.006024  0.000477
167  0.005988  0.000477
168  0.005952  0.000477
169  0.005917  0.000477
170  0.005882  0.000477
171  0.005848  0.000477
172  0.005814  0.000477
173  0.005780  0.000477
174  0.005747  0.000477
175  0.005714  0.000477
176  0.005682  0.000477
177  0.005650  0.000477
178  0.005618  0.000477
179  0.005587  0.000477
180  0.005556  0.000477
181  0.005525  0.000477
182  0.005495  0.000477
183  0.005464  0.000477
184  0.005435  0.000477
185  0.005405  0.000477
186  0.005376  0.000477
187  0.005348  0.000477
188  0.005319  0.000477
189  0.005291  0.000477
190  0.005263  0.000477
191  0.005236  0.000477
192  0.005208  0.000477
193  0.005181  0.000477
194  0.005155  0.000477
195  0.005128  0.000477
196  0.005102  0.000477
197  0.005076  0.000477
198  0.005051  0.000477
199  0.005025  0.000477
200  0.005000  0.000477
201  0.004975  0.000477
202  0.004950  0.000477
203  0.004926  0.000477
204  0.004902  0.000477
205  0.004878  0.000477
206  0.004854  0.000477
207  0.004831  0.000477
208  0.004808  0.000477
209  0.004785  0.000477
210  0.004762  0.000477
211  0.004739  0.000477
212  0.004717  0.000477
213  0.004695  0.000477
214  0.004673  0.000477
215  0.004651  0.000477
216  0.004630  0.000477
217  0.004608  0.000477
218  0.004587  0.000477
219  0.004566  0.000477
220  0.004545  0.000477
221  0.004525  0.000477
222  0.004505  0.000477
223  0.004484  0.000477
224  0.004464  0.000477
225  0.004444  0.000477
226  0.004425  0.000477
227  0.004405  0.000477
228  0.004386  0.000477
229  0.004367  0.000477
230  0.004348  0.000477
231  0.004329  0.000477
232  0.004310  0.000477
233  0.004292  0.000477
234  0.004274  0.000477
235  0.004255  0.000477
236  0.004237  0.000477
237  0.004219  0.000477
238  0.004202  0.000477
239  0.004184  0.000477
240  0.004167  0.000477
241  0.004149  0.000477
242  0.004132  0.000477
243  0.004115  0.000477
244  0.004098  0.000477
245  0.004082  0.000477
246  0.004065  0.000477
247  0.004049  0.000477
248  0.004032  0.000477
249  0.004016  0.000477
250  0.004000  0.000477
251  0.003984  0.000477
252  0.003968  0.000477
253  0.003953  0.000477
254  0.003937  0.000477
255  0.003922  0.000477
256  0.003906  0.000477
257  0.003891  0.000477
258  0.003876  0.000477
259  0.003861  0.000477
260  0.003846  0.000477
261  0.003831  0.000477
262  0.003817  0.000477
263  0.003802  0.000477
264  0.003788  0.000477
265  0.003774  0.000477
266  0.003759  0.000477
267  0.003745  0.000477
268  0.003731  0.000477
269  0.003717  0.000477
270  0.003704  0.000477
271  0.003690  0.000477
272  0.003676  0.000477
273  0.003663  0.000477
274  0.003650  0.000477
275  0.003636  0.000477
276  0.003623  0.000477
277  0.003610  0.000477
278  0.003597  0.000477
279  0.003584  0.000477
280  0.003571  0.000477
281  0.003559  0.000477
282  0.003546  0.000477
283  0.003534  0.000477
284  0.003521  0.000477
285  0.003509  0.000477
286  0.003497  0.000477
287  0.003484  0.000477
288  0.003472  0.000477
289  0.003460  0.000477
290  0.003448  0.000477
291  0.003436  0.000477
292  0.003425  0.000477
293  0.003413  0.000477
294  0.003401  0.000477
295  0.003390  0.000477
296  0.003378  0.000477
297  0.003367  0.000477
298  0.003356  0.000477
299  0.003344  0.000477
300  0.003333  0.000477
301  0.003322  0.000477
302  0.003311  0.000477
303  0.003300  0.000477
304  0.003289  0.000477
305  0.003279  0.000477
306  0.003268  0.000477
307  0.003257  0.000477
308  0.003247  0.000477
309  0.003236  0.000477
310  0.003226  0.000477
311  0.003215  0.000477
312  0.003205  0.000477
313  0.003195  0.000477
314  0.003185  0.000477
315  0.003175  0.000477
316  0.003165  0.000477
317  0.003155  0.000477
318  0.003145  0.000477
319  0.003135  0.000477
320  0.003125  0.000477
321  0.003115  0.000477
322  0.003106  0.000477
323  0.003096  0.000477
324  0.003086  0.000477
325  0.003077  0.000477
326  0.003067  0.000477
327  0.003058  0.000477
328  0.003049  0.000477
329  0.003040  0.000477
330  0.003030  0.000477
331  0.003021  0.000477
332  0.003012  0.000477
333  0.003003  0.000477
334  0.002994  0.000477
335  0.002985  0.000477
336  0.002976  0.000477
337  0.002967  0.000477
338  0.002959  0.000477
339  0.002950  0.000477
340  0.002941  0.000477
341  0.002933  0.000477
342  0.002924  0.000477
343  0.002915  0.000477
344  0.002907  0.000477
345  0.002899  0.000477
346  0.002890  0.000477
347  0.002882  0.000477
348  0.002874  0.000477
349  0.002865  0.000477
350  0.002857  0.000477
351  0.002849  0.000477
352  0.002841  0.000477
353  0.002833  0.000477
354  0.002825  0.000477
355  0.002817  0.000477
356  0.002809  0.000477
357  0.002801  0.000477
358  0.005587  0.000954
359  0.005571  0.000954
360  0.005556  0.000954
361  0.005540  0.000954
362  0.005525  0.000954
363  0.005510  0.000954
364  0.005495  0.000954
365  0.005479  0.000954
366  0.005464  0.000954
367  0.005450  0.000954
368  0.005435  0.000954
369  0.005420  0.000954
370  0.005405  0.000954
371  0.005391  0.000954
372  0.005376  0.000954
373  0.005362  0.000954
374  0.005348  0.000954
375  0.005333  0.000954
376  0.005319  0.000954
377  0.005305  0.000954
378  0.005291  0.000954
379  0.005277  0.000954
380  0.005263  0.000954
381  0.005249  0.000954
382  0.005236  0.000954
383  0.005222  0.000954
384  0.005208  0.000954
385  0.005195  0.000954
386  0.005181  0.000954
387  0.005168  0.000954
388  0.005155  0.000954
389  0.005141  0.000954
390  0.005128  0.000954
391  0.005115  0.000954
392  0.005102  0.000954
393  0.005089  0.000954
394  0.005076  0.000954
395  0.005063  0.000954
396  0.005051  0.000954
397  0.005038  0.000954
398  0.005025  0.000954
399  0.005013  0.000954
400  0.005000  0.000954
401  0.004988  0.000954
402  0.004975  0.000954
403  0.004963  0.000954
404  0.004950  0.000954
405  0.004938  0.000954
406  0.004926  0.000954
407  0.004914  0.000954
408  0.004902  0.000954
409  0.007335  0.001431
410  0.009756  0.001907
411  0.009732  0.001907
412  0.009709  0.001907
413  0.009685  0.001907
414  0.009662  0.001907
415  0.009639  0.001907
416  0.009615  0.001907
417  0.009592  0.001907
418  0.009569  0.001907
419  0.009547  0.001907
420  0.009524  0.001907
421  0.009501  0.001907
422  0.009479  0.001907
423  0.009456  0.001907
424  0.009434  0.001907
425  0.009412  0.001907
426  0.009390  0.001907
427  0.009368  0.001907
428  0.009346  0.001907
429  0.009324  0.001907
430  0.009302  0.001907
431  0.009281  0.001907
432  0.009259  0.001907
433  0.009238  0.001907
434  0.009217  0.001907
435  0.009195  0.001907
436  0.009174  0.001907
437  0.009153  0.001907
438  0.009132  0.001907
439  0.009112  0.001907
440  0.009091  0.001907
441  0.009070  0.001907
442  0.009050  0.001907
443  0.009029  0.001907
444  0.009009  0.001907
445  0.008989  0.001907
446  0.008969  0.001907
447  0.008949  0.001907
448  0.008929  0.001907
449  0.008909  0.001907
450  0.008889  0.001907
451  0.008869  0.001907
452  0.008850  0.001907
453  0.008830  0.001907
454  0.008811  0.001907
455  0.008791  0.001907
456  0.008772  0.001907
457  0.008753  0.001907
458  0.008734  0.001907
459  0.008715  0.001907
460  0.008696  0.001907
461  0.008677  0.001907
462  0.008658  0.001907
463  0.008639  0.001907
464  0.008621  0.001907
465  0.008602  0.001907
466  0.008584  0.001907
467  0.008565  0.001907
468  0.008547  0.001907
469  0.008529  0.001907
470  0.008511  0.001907
471  0.008493  0.001907
472  0.008475  0.001907
473  0.008457  0.001907
474  0.008439  0.001907
475  0.008421  0.001907
476  0.008403  0.001907
477  0.008386  0.001907
478  0.008368  0.001907
479  0.008351  0.001907
480  0.008333  0.001907
481  0.008316  0.001907
482  0.008299  0.001907
483  0.008282  0.001907
484  0.008264  0.001907
485  0.008247  0.001907
486  0.008230  0.001907
487  0.008214  0.001907
488  0.008197  0.001907
489  0.008180  0.001907
490  0.008163  0.001907
491  0.008147  0.001907
492  0.008130  0.001907
493  0.008114  0.001907
494  0.008097  0.001907
495  0.008081  0.001907
496  0.008065  0.001907
497  0.008048  0.001907
498  0.008032  0.001907
499  0.008016  0.001907
500  0.008000  0.001907
