0(190278): 
1(237402): 2(19.823580), 
2(274645): 0(3.999493), 1(3.999493), 
3(421169): 0(1.555537), 1(1.555537), 
4(515042): 0(2.195956), 1(2.195956), 
5(331778): 0(3.789089), 1(3.789089), 
6(172517): 
7(95456): 
8(381847): 0(0.573715), 1(0.573715), 
9(269951): 0(13.673827), 1(13.673827), 
10(107854): 
11(147500): 
12(67485): 0(0.549650), 1(0.549650), 
13(7354): 
14(14088): 2(11.349451), 
15(56688): 
16(116168): 
17(171152): 
18(424495): 
19(476202): 
20(335564): 
21(143748): 
22(284716): 
23(165937): 
24(544993): 
25(170911): 2(0.745952), 
26(342933): 2(2.238294), 
27(117507): 2(5.193252), 
28(158156): 
29(34701): 
30(486744): 
31(91161): 
32(433810): 
33(382389): 
34(56570): 
35(189148): 
36(397770): 
37(128422): 
38(307308): 
39(477788): 
40(509718): 
41(148866): 
42(352223): 
43(362718): 
44(219866): 
45(450417): 
46(359712): 
47(123033): 
48(361345): 
49(420729): 
50(48881): 
51(396939): 
52(255606): 
53(244847): 
54(198470): 
55(497038): 
56(442249): 
57(311323): 
58(28152): 
59(4070): 
