0(332188): 
1(235970): 0(1.773371), 
2(356384): 0(0.340159), 
3(76881): 2(0.243319), 
4(98332): 2(0.587107), 
5(74439): 2(0.676640), 
6(343242): 2(1.362760), 
7(99373): 2(0.636534), 
8(536830): 2(1.265365), 
9(396649): 
10(184458): 2(0.506351), 
11(195210): 2(0.366395), 
12(188073): 2(0.301708), 
13(228831): 3(0.398915), 
14(121270): 3(0.418704), 
15(182430): 3(1.127776), 
16(432937): 
17(193790): 3(1.251664), 
18(412670): 3(0.227261), 
19(205319): 3(1.187747), 
20(358034): 2(0.299407), 
21(328155): 
22(191487): 
23(55043): 
24(38444): 2(0.219263), 
25(416846): 
26(162652): 
27(141711): 
28(181953): 
29(381003): 2(0.355892), 
30(23465): 2(0.786138), 
31(28053): 2(0.334717), 
32(420427): 
33(101019): 
34(127345): 2(1.058871), 
35(217230): 
36(451671): 
37(408495): 
38(210020): 2(0.269864), 
39(517224): 2(0.223611), 
40(26373): 2(0.339990), 
41(73400): 2(1.195476), 
42(71736): 2(0.637137), 
43(4829): 2(0.333837), 
44(333916): 2(0.274242), 
45(494481): 2(0.543118), 
46(107972): 2(0.227000), 
47(70955): 
48(421557): 0(1.517890), 
49(67464): 0(1.182388), 
50(367285): 0(0.917632), 
51(131211): 2(0.272790), 
52(452884): 
53(3833): 2(0.280938), 
54(335763): 2(0.431114), 
55(215955): 2(0.232871), 
56(400523): 
57(189959): 
58(131182): 
59(98269): 
60(223061): 2(0.230317), 
61(56052): 2(0.717741), 
62(434966): 2(0.717146), 
63(504305): 2(0.232007), 
64(163920): 0(0.766839), 
65(139089): 0(1.530711), 
66(210992): 0(2.292651), 
67(114473): 0(0.504458), 
68(212553): 0(0.249458), 
69(234271): 
70(103544): 
71(65008): 0(0.240748), 
72(426269): 
73(220330): 0(0.230861), 
74(423859): 0(0.212795), 
75(23916): 
76(189013): 0(0.240103), 
77(475581): 0(0.547797), 
78(6579): 
79(100477): 
80(433843): 0(0.587497), 
81(61178): 0(0.253792), 
82(373188): 0(0.550360), 
83(200044): 
84(368176): 0(0.213154), 
85(389871): 0(0.253875), 
86(352079): 
87(203903): 0(0.260456), 
88(522750): 
89(444750): 0(0.260469), 
90(327890): 
91(460870): 0(0.253934), 
92(544898): 
93(279216): 
94(142427): 
95(120380): 
96(19341): 
97(91592): 
98(306781): 2(0.225425), 
99(33812): 2(0.237624), 
100(53117): 
101(47744): 0(0.551558), 
102(67395): 0(0.535886), 
103(201684): 
104(520121): 2(0.237845), 
105(105619): 2(0.237855), 
106(23890): 
107(60349): 
108(445441): 0(0.212284), 
109(363926): 0(0.212208), 
110(131093): 
111(156691): 
112(200271): 0(0.286113), 
113(215914): 
114(66096): 0(1.129333), 
115(135702): 
116(250182): 0(0.234193), 
117(324785): 
118(25749): 3(0.376804), 
119(494860): 3(0.772399), 
120(168720): 3(1.418685), 
121(229510): 3(1.565949), 
122(406305): 3(1.010271), 
123(445716): 3(1.869737), 
124(309573): 3(0.379869), 
125(261558): 3(0.937137), 
126(320128): 3(0.366202), 
127(254263): 3(0.626029), 
128(349055): 
129(472722): 
130(511237): 
131(519013): 
132(328468): 2(0.292258), 
133(403255): 2(0.243313), 
134(49761): 2(0.443507), 
135(311872): 2(0.243330), 
136(471009): 3(0.376740), 
137(515659): 
138(397590): 
139(366555): 
140(58829): 
141(228537): 
142(5238): 3(0.376759), 
143(317603): 3(0.371357), 
144(168715): 3(0.382249), 
145(382724): 3(0.371506), 
146(406909): 3(0.376507), 
147(386336): 
148(86910): 3(0.365995), 
149(342669): 
150(122915): 2(0.275240), 
151(327818): 
152(539125): 3(0.366245), 
