0 332188
1 235970
2 356384
3 76881
4 98332
5 74439
6 343242
7 99373
8 536830
9 396649
10 184458
11 195210
12 188073
13 228831
14 121270
15 182430
16 432937
17 193790
18 412670
19 205319
20 358034
21 328155
22 191487
23 55043
24 38444
25 416846
26 162652
27 141711
28 181953
29 381003
30 23465
31 28053
32 420427
33 101019
34 127345
35 217230
36 451671
37 408495
38 210020
39 517224
40 26373
41 73400
42 71736
43 4829
44 333916
45 494481
46 107972
47 70955
48 421557
49 67464
50 367285
51 131211
52 452884
53 3833
54 335763
55 215955
56 400523
57 189959
58 131182
59 98269
60 223061
61 56052
62 434966
63 504305
64 163920
65 139089
66 210992
67 114473
68 212553
69 234271
70 103544
71 65008
72 426269
73 220330
74 423859
75 23916
76 189013
77 475581
78 6579
79 100477
80 433843
81 61178
82 373188
83 200044
84 368176
85 389871
86 352079
87 203903
88 522750
89 444750
90 327890
91 460870
92 544898
93 279216
94 142427
95 120380
96 19341
97 91592
98 306781
99 33812
100 53117
101 47744
102 67395
103 201684
104 520121
105 105619
106 23890
107 60349
108 445441
109 363926
110 131093
111 156691
112 200271
113 215914
114 66096
115 135702
116 250182
117 324785
118 25749
119 494860
120 168720
121 229510
122 406305
123 445716
124 309573
125 261558
126 320128
127 254263
128 349055
129 472722
130 511237
131 519013
132 328468
133 403255
134 49761
135 311872
136 471009
137 515659
138 397590
139 366555
140 58829
141 228537
142 5238
143 317603
144 168715
145 382724
146 406909
147 386336
148 86910
149 342669
150 122915
151 327818
152 539125
