0 62523
1 488157
2 379065
3 470599
4 379180
5 32821
6 470095
7 32879
8 465069
9 216445
10 32818
11 173935
12 345620
13 320928
14 126868
15 31673
16 541545
17 228695
18 525422
19 265358
20 240517
21 544693
22 544694
23 187316
24 102350
25 152486
26 363352
27 32880
28 32871
29 32873
30 32875
31 168637
32 137766
33 183395
34 32819
35 137763
36 53520
37 137761
38 239050
39 214959
40 189279
41 32877
42 286168
43 285376
44 436108
45 525406
46 525393
47 32813
48 470598
49 183412
50 22388
51 290811
52 359912
53 278141
54 295252
55 69451
56 216449
57 200549
58 534744
59 334071
60 157256
61 160909
62 140298
63 351527
64 543711
