iter  precision  recall
1  0.000000  0.000000
2  0.000000  0.000000
3  0.000000  0.000000
4  0.000000  0.000000
5  0.000000  0.000000
6  0.000000  0.000000
7  0.000000  0.000000
8  0.000000  0.000000
9  0.000000  0.000000
10  0.000000  0.000000
11  0.000000  0.000000
12  0.000000  0.000000
13  0.000000  0.000000
14  0.000000  0.000000
15  0.000000  0.000000
16  0.000000  0.000000
17  0.000000  0.000000
18  0.000000  0.000000
19  0.000000  0.000000
20  0.000000  0.000000
21  0.000000  0.000000
22  0.000000  0.000000
23  0.000000  0.000000
24  0.000000  0.000000
25  0.000000  0.000000
26  0.000000  0.000000
27  0.000000  0.000000
28  0.000000  0.000000
29  0.000000  0.000000
30  0.000000  0.000000
31  0.000000  0.000000
32  0.000000  0.000000
33  0.000000  0.000000
34  0.000000  0.000000
35  0.000000  0.000000
36  0.000000  0.000000
37  0.000000  0.000000
38  0.026316  0.000537
39  0.025641  0.000537
40  0.025000  0.000537
41  0.024390  0.000537
42  0.023810  0.000537
43  0.023256  0.000537
44  0.022727  0.000537
45  0.022222  0.000537
46  0.021739  0.000537
47  0.021277  0.000537
48  0.020833  0.000537
49  0.020408  0.000537
50  0.020000  0.000537
51  0.019608  0.000537
52  0.019231  0.000537
53  0.018868  0.000537
54  0.018519  0.000537
55  0.018182  0.000537
56  0.017857  0.000537
57  0.017544  0.000537
58  0.017241  0.000537
59  0.016949  0.000537
60  0.016667  0.000537
61  0.016393  0.000537
62  0.016129  0.000537
63  0.015873  0.000537
64  0.015625  0.000537
65  0.015385  0.000537
66  0.015152  0.000537
67  0.014925  0.000537
68  0.014706  0.000537
69  0.014493  0.000537
70  0.014286  0.000537
71  0.014085  0.000537
72  0.013889  0.000537
73  0.013699  0.000537
74  0.013514  0.000537
75  0.013333  0.000537
76  0.013158  0.000537
77  0.012987  0.000537
78  0.012821  0.000537
79  0.012658  0.000537
80  0.012500  0.000537
81  0.012346  0.000537
82  0.012195  0.000537
83  0.012048  0.000537
84  0.011905  0.000537
85  0.011765  0.000537
86  0.011628  0.000537
87  0.011494  0.000537
88  0.011364  0.000537
89  0.011236  0.000537
90  0.011111  0.000537
91  0.010989  0.000537
92  0.010870  0.000537
93  0.010753  0.000537
94  0.021277  0.001074
95  0.021053  0.001074
96  0.020833  0.001074
97  0.020619  0.001074
98  0.020408  0.001074
99  0.020202  0.001074
100  0.020000  0.001074
101  0.019802  0.001074
102  0.019608  0.001074
103  0.019417  0.001074
104  0.019231  0.001074
105  0.028571  0.001610
106  0.028302  0.001610
107  0.037383  0.002147
108  0.037037  0.002147
109  0.036697  0.002147
110  0.036364  0.002147
111  0.036036  0.002147
112  0.035714  0.002147
113  0.035398  0.002147
114  0.035088  0.002147
115  0.034783  0.002147
116  0.034483  0.002147
117  0.034188  0.002147
118  0.033898  0.002147
119  0.033613  0.002147
120  0.033333  0.002147
121  0.033058  0.002147
122  0.032787  0.002147
123  0.032520  0.002147
124  0.032258  0.002147
125  0.032000  0.002147
126  0.031746  0.002147
127  0.031496  0.002147
128  0.031250  0.002147
129  0.031008  0.002147
130  0.030769  0.002147
131  0.030534  0.002147
132  0.030303  0.002147
133  0.030075  0.002147
134  0.029851  0.002147
135  0.029630  0.002147
136  0.029412  0.002147
137  0.029197  0.002147
138  0.028986  0.002147
139  0.028777  0.002147
140  0.028571  0.002147
141  0.028369  0.002147
142  0.028169  0.002147
143  0.027972  0.002147
144  0.027778  0.002147
145  0.027586  0.002147
146  0.034247  0.002684
147  0.034014  0.002684
148  0.033784  0.002684
149  0.033557  0.002684
150  0.033333  0.002684
151  0.033113  0.002684
152  0.032895  0.002684
153  0.032680  0.002684
154  0.032468  0.002684
155  0.032258  0.002684
156  0.032051  0.002684
157  0.031847  0.002684
158  0.031646  0.002684
159  0.031447  0.002684
160  0.031250  0.002684
161  0.031056  0.002684
162  0.030864  0.002684
163  0.030675  0.002684
164  0.030488  0.002684
165  0.030303  0.002684
166  0.030120  0.002684
167  0.029940  0.002684
168  0.029762  0.002684
169  0.029586  0.002684
170  0.029412  0.002684
171  0.035088  0.003221
172  0.040698  0.003757
173  0.040462  0.003757
174  0.040230  0.003757
175  0.040000  0.003757
176  0.039773  0.003757
177  0.039548  0.003757
178  0.039326  0.003757
179  0.039106  0.003757
180  0.038889  0.003757
181  0.038674  0.003757
182  0.043956  0.004294
183  0.043716  0.004294
184  0.043478  0.004294
185  0.043243  0.004294
186  0.043011  0.004294
187  0.042781  0.004294
188  0.047872  0.004831
189  0.047619  0.004831
190  0.052632  0.005368
191  0.057592  0.005904
192  0.062500  0.006441
193  0.067358  0.006978
194  0.072165  0.007515
195  0.071795  0.007515
196  0.071429  0.007515
197  0.071066  0.007515
198  0.070707  0.007515
199  0.070352  0.007515
200  0.070000  0.007515
201  0.069652  0.007515
202  0.069307  0.007515
203  0.068966  0.007515
204  0.068627  0.007515
205  0.068293  0.007515
206  0.067961  0.007515
207  0.067633  0.007515
208  0.067308  0.007515
209  0.066986  0.007515
210  0.071429  0.008052
211  0.071090  0.008052
212  0.070755  0.008052
213  0.070423  0.008052
214  0.070093  0.008052
215  0.069767  0.008052
216  0.069444  0.008052
217  0.069124  0.008052
218  0.068807  0.008052
219  0.068493  0.008052
220  0.068182  0.008052
221  0.067873  0.008052
222  0.067568  0.008052
223  0.067265  0.008052
224  0.066964  0.008052
225  0.066667  0.008052
226  0.066372  0.008052
227  0.066079  0.008052
228  0.065789  0.008052
229  0.065502  0.008052
230  0.069565  0.008588
231  0.069264  0.008588
232  0.068966  0.008588
233  0.068670  0.008588
234  0.068376  0.008588
235  0.068085  0.008588
236  0.067797  0.008588
237  0.067511  0.008588
238  0.067227  0.008588
239  0.066946  0.008588
240  0.066667  0.008588
241  0.066390  0.008588
242  0.066116  0.008588
243  0.065844  0.008588
244  0.065574  0.008588
245  0.065306  0.008588
246  0.069106  0.009125
247  0.068826  0.009125
248  0.068548  0.009125
249  0.068273  0.009125
250  0.068000  0.009125
251  0.067729  0.009125
252  0.067460  0.009125
253  0.067194  0.009125
254  0.066929  0.009125
255  0.066667  0.009125
256  0.066406  0.009125
257  0.066148  0.009125
258  0.065891  0.009125
259  0.065637  0.009125
260  0.065385  0.009125
261  0.065134  0.009125
262  0.064885  0.009125
263  0.064639  0.009125
264  0.064394  0.009125
265  0.064151  0.009125
266  0.063910  0.009125
267  0.063670  0.009125
268  0.063433  0.009125
269  0.063197  0.009125
270  0.062963  0.009125
271  0.062731  0.009125
272  0.062500  0.009125
273  0.062271  0.009125
274  0.062044  0.009125
275  0.061818  0.009125
276  0.061594  0.009125
277  0.061372  0.009125
278  0.061151  0.009125
279  0.064516  0.009662
280  0.064286  0.009662
281  0.064057  0.009662
282  0.063830  0.009662
283  0.063604  0.009662
284  0.063380  0.009662
285  0.063158  0.009662
286  0.062937  0.009662
287  0.062718  0.009662
288  0.062500  0.009662
289  0.065744  0.010199
290  0.065517  0.010199
291  0.065292  0.010199
292  0.065068  0.010199
293  0.064846  0.010199
294  0.064626  0.010199
295  0.064407  0.010199
296  0.064189  0.010199
297  0.063973  0.010199
298  0.067114  0.010735
299  0.066890  0.010735
300  0.066667  0.010735
301  0.066445  0.010735
302  0.066225  0.010735
303  0.066007  0.010735
304  0.065789  0.010735
305  0.065574  0.010735
306  0.065359  0.010735
307  0.065147  0.010735
308  0.064935  0.010735
309  0.064725  0.010735
310  0.064516  0.010735
311  0.064309  0.010735
312  0.064103  0.010735
313  0.063898  0.010735
314  0.063694  0.010735
315  0.063492  0.010735
316  0.063291  0.010735
317  0.066246  0.011272
318  0.066038  0.011272
319  0.065831  0.011272
320  0.065625  0.011272
321  0.065421  0.011272
322  0.065217  0.011272
323  0.068111  0.011809
324  0.067901  0.011809
325  0.067692  0.011809
326  0.067485  0.011809
327  0.067278  0.011809
328  0.067073  0.011809
329  0.066869  0.011809
330  0.066667  0.011809
331  0.066465  0.011809
332  0.066265  0.011809
333  0.066066  0.011809
334  0.068862  0.012346
335  0.068657  0.012346
336  0.068452  0.012346
337  0.068249  0.012346
338  0.068047  0.012346
339  0.067847  0.012346
340  0.067647  0.012346
341  0.067449  0.012346
342  0.067251  0.012346
343  0.067055  0.012346
344  0.066860  0.012346
345  0.066667  0.012346
346  0.066474  0.012346
347  0.066282  0.012346
348  0.066092  0.012346
349  0.065903  0.012346
350  0.065714  0.012346
351  0.065527  0.012346
352  0.065341  0.012346
353  0.065156  0.012346
354  0.064972  0.012346
355  0.064789  0.012346
356  0.064607  0.012346
357  0.064426  0.012346
358  0.064246  0.012346
359  0.064067  0.012346
360  0.063889  0.012346
361  0.063712  0.012346
362  0.063536  0.012346
363  0.063361  0.012346
364  0.063187  0.012346
365  0.063014  0.012346
366  0.062842  0.012346
367  0.062670  0.012346
368  0.062500  0.012346
369  0.062331  0.012346
370  0.062162  0.012346
371  0.061995  0.012346
372  0.061828  0.012346
373  0.061662  0.012346
374  0.061497  0.012346
375  0.061333  0.012346
376  0.061170  0.012346
377  0.061008  0.012346
378  0.060847  0.012346
379  0.060686  0.012346
380  0.063158  0.012882
381  0.062992  0.012882
382  0.062827  0.012882
383  0.062663  0.012882
384  0.062500  0.012882
385  0.062338  0.012882
386  0.062176  0.012882
387  0.062016  0.012882
388  0.061856  0.012882
389  0.061697  0.012882
390  0.061538  0.012882
391  0.061381  0.012882
392  0.061224  0.012882
393  0.061069  0.012882
394  0.063452  0.013419
395  0.063291  0.013419
396  0.063131  0.013419
397  0.062972  0.013419
398  0.062814  0.013419
399  0.065163  0.013956
400  0.065000  0.013956
401  0.064838  0.013956
402  0.064677  0.013956
403  0.064516  0.013956
404  0.064356  0.013956
405  0.064198  0.013956
406  0.064039  0.013956
407  0.063882  0.013956
408  0.063725  0.013956
409  0.063570  0.013956
410  0.063415  0.013956
411  0.063260  0.013956
412  0.063107  0.013956
413  0.062954  0.013956
414  0.065217  0.014493
415  0.065060  0.014493
416  0.064904  0.014493
417  0.067146  0.015030
418  0.066986  0.015030
419  0.066826  0.015030
420  0.066667  0.015030
421  0.066508  0.015030
422  0.066351  0.015030
423  0.066194  0.015030
424  0.066038  0.015030
425  0.065882  0.015030
426  0.065728  0.015030
427  0.065574  0.015030
428  0.065421  0.015030
429  0.065268  0.015030
430  0.065116  0.015030
431  0.064965  0.015030
432  0.064815  0.015030
433  0.064665  0.015030
434  0.064516  0.015030
435  0.064368  0.015030
436  0.064220  0.015030
437  0.064073  0.015030
438  0.063927  0.015030
439  0.063781  0.015030
440  0.063636  0.015030
441  0.063492  0.015030
442  0.063348  0.015030
443  0.063205  0.015030
444  0.063063  0.015030
445  0.062921  0.015030
446  0.062780  0.015030
447  0.062640  0.015030
448  0.062500  0.015030
449  0.062361  0.015030
450  0.062222  0.015030
451  0.062084  0.015030
452  0.061947  0.015030
453  0.061810  0.015030
454  0.061674  0.015030
455  0.061538  0.015030
456  0.061404  0.015030
457  0.061269  0.015030
458  0.063319  0.015566
459  0.063181  0.015566
460  0.063043  0.015566
461  0.062907  0.015566
462  0.062771  0.015566
463  0.062635  0.015566
464  0.062500  0.015566
465  0.062366  0.015566
466  0.062232  0.015566
467  0.062099  0.015566
468  0.061966  0.015566
469  0.061834  0.015566
470  0.063830  0.016103
471  0.063694  0.016103
472  0.063559  0.016103
473  0.063425  0.016103
474  0.063291  0.016103
475  0.063158  0.016103
476  0.063025  0.016103
477  0.062893  0.016103
478  0.062762  0.016103
479  0.062630  0.016103
480  0.062500  0.016103
481  0.062370  0.016103
482  0.062241  0.016103
483  0.062112  0.016103
484  0.061983  0.016103
485  0.061856  0.016103
486  0.061728  0.016103
487  0.061602  0.016103
488  0.061475  0.016103
489  0.061350  0.016103
490  0.061224  0.016103
491  0.061100  0.016103
492  0.060976  0.016103
493  0.060852  0.016103
494  0.060729  0.016103
495  0.060606  0.016103
496  0.060484  0.016103
497  0.060362  0.016103
498  0.060241  0.016103
499  0.060120  0.016103
500  0.060000  0.016103
