0 305716
1 21659
2 445259
3 162709
4 158674
5 501124
6 140476
7 61118
8 412353
9 129002
10 278146
11 270593
12 2797
13 389473
14 72238
15 282906
16 422063
17 14896
18 24397
19 411795
20 210462
21 62867
22 87626
23 254423
24 264309
25 320858
26 216625
27 80005
28 384795
29 476672
30 429082
31 438354
32 258501
33 42346
34 303160
35 71036
36 408836
37 21695
38 166077
39 163015
40 486888
41 188698
42 233838
43 240678
44 96828
45 96829
46 438003
47 514909
48 406975
49 514442
50 182587
51 534790
52 132671
53 499649
54 96824
55 121462
56 260329
57 441874
58 96812
59 205505
60 436124
61 67051
62 370812
63 145089
64 354251
65 115271
66 463702
67 528717
68 323378
69 266187
70 15952
71 472962
72 497828
73 348877
74 480884
75 323371
76 57116
77 283440
78 202609
79 439622
80 432569
81 417383
82 441268
83 315577
84 129819
85 109243
86 196566
87 516992
88 165128
89 47626
90 320287
91 278725
92 203397
93 231400
94 1015
95 466135
96 198304
97 538222
98 350288
99 518655
100 31200
101 121482
102 243863
103 519672
104 75245
105 259040
