0(445196): 0(2.610967), 
1(363588): 
2(425057): 0(0.461840), 
3(288908): 0(1.731701), 
4(431285): 0(0.283838), 
5(494329): 
6(448900): 0(1.655344), 
7(287734): 0(9.248081), 
8(166059): 0(0.283684), 
9(353282): 0(0.544778), 
10(190199): 
11(298152): 
12(354492): 0(1.609344), 
13(530630): 0(3.206376), 
14(202277): 
15(283842): 0(0.283820), 
16(455205): 
17(507462): 
18(224377): 
19(339357): 
20(401187): 0(0.565821), 
21(363055): 
22(434890): 
23(520543): 0(0.283855), 
24(91351): 
25(282873): 2(1.734565), 
26(103928): 2(0.867698), 
27(479011): 2(0.856789), 
28(137778): 2(0.840561), 
29(307186): 0(2.923732), 
30(361376): 
31(282154): 2(0.774091), 
32(257765): 1(0.532196), 2(1.199840), 
33(40319): 1(0.935201), 2(0.309316), 
34(235408): 
35(491652): 
36(40330): 2(0.359634), 
37(135937): 
38(394441): 
39(354845): 2(0.313462), 
40(37313): 
41(138586): 
42(326049): 2(1.888554), 
43(506415): 
44(535792): 1(1.056345), 
45(8130): 1(1.229605), 
46(471901): 2(0.499628), 
47(36893): 2(0.993412), 
48(287998): 
49(438922): 
50(404569): 
51(92426): 
52(157349): 
53(48815): 1(1.382847), 
54(439705): 1(0.281053), 
55(412381): 1(0.585518), 
56(71938): 1(0.274361), 
57(2126): 1(0.281121), 
58(453143): 1(0.354519), 
59(25482): 1(0.274222), 
60(435544): 1(0.340750), 
61(419838): 2(0.360138), 
62(73917): 2(0.884420), 
63(61872): 
64(464271): 2(0.422321), 
65(107996): 2(0.363320), 
66(190549): 2(0.363263), 
67(249182): 
68(452964): 2(0.277538), 
69(49247): 2(0.289539), 
70(466579): 2(0.289576), 
71(269463): 2(0.382987), 
72(195082): 2(0.289656), 
73(420900): 1(1.039658), 
74(536374): 1(0.342257), 
75(3951): 1(1.303818), 
76(444746): 1(0.808325), 
77(438282): 1(0.329556), 
78(344945): 
79(28682): 1(0.669707), 
80(390591): 1(0.353147), 
81(19411): 
82(373235): 1(0.926334), 
83(533891): 1(0.512390), 
84(260186): 
85(105769): 
86(463156): 
87(184063): 
88(377269): 1(0.321511), 
89(283515): 
90(123850): 
91(482474): 
92(55648): 
93(458402): 
94(273695): 
95(288917): 
96(501176): 
97(9345): 
