0(369899): 0(0.858460), 1(0.858460), 2(0.858460), 
1(526608): 0(0.339199), 1(0.339199), 2(0.339199), 3(0.889961), 4(0.889961), 
2(30012): 0(0.829245), 1(0.829245), 2(0.829245), 3(1.093063), 4(1.093063), 
3(321687): 0(0.273500), 1(0.273500), 2(0.273500), 
4(163200): 0(0.877410), 1(0.877410), 2(0.877410), 
5(540443): 0(2.052646), 1(2.052646), 2(2.052646), 
6(284366): 0(0.563625), 1(0.563625), 2(0.563625), 
7(316153): 
8(345802): 0(1.523673), 1(1.523673), 2(1.523673), 
9(255399): 0(0.458373), 1(0.458373), 2(0.458373), 
10(298966): 0(0.275668), 1(0.275668), 2(0.275668), 
11(392786): 
12(434010): 
13(250378): 
14(458156): 
15(147835): 
16(129020): 
17(268353): 
18(507217): 
19(294447): 
20(98418): 
21(243240): 
22(309672): 
23(405609): 
24(336982): 
25(524866): 
26(267773): 
27(292275): 
28(531201): 
29(367123): 
30(301724): 
31(342983): 
32(414771): 
33(318922): 
34(426084): 
35(466454): 
36(261348): 
37(354276): 
38(526801): 
39(449928): 
40(378221): 
41(498764): 
42(144348): 
43(438643): 
44(92212): 
45(252958): 
46(331673): 
47(365395): 
48(379854): 
49(90055): 
50(491430): 
51(25094): 3(0.341744), 4(0.341744), 
52(309970): 0(0.225717), 1(0.225717), 2(0.225717), 
53(315407): 0(0.229460), 1(0.229460), 2(0.229460), 
54(315063): 0(0.225719), 1(0.225719), 2(0.225719), 
55(480831): 
56(129164): 0(0.248187), 1(0.248187), 2(0.248187), 
57(188313): 0(0.298812), 1(0.298812), 2(0.298812), 
58(478024): 
59(419566): 
60(449361): 
61(502904): 
62(430159): 
63(178031): 
64(506046): 
65(33799): 
66(13248): 
67(504221): 
68(3670): 
69(205669): 3(0.689464), 4(0.689464), 
70(243289): 3(2.190997), 4(2.190997), 
71(526095): 3(0.254717), 4(0.254717), 
72(80153): 3(2.194590), 4(2.194590), 
73(184191): 3(0.229316), 4(0.229316), 
74(333688): 3(0.441735), 4(0.441735), 
75(417663): 3(0.784943), 4(0.784943), 
76(257155): 
77(390996): 
78(84226): 
79(270717): 
80(436671): 
81(231590): 
82(232381): 
83(441533): 3(1.105509), 4(1.105509), 
84(117848): 3(0.613249), 4(0.613249), 
85(233405): 3(0.376773), 4(0.376773), 
86(325599): 
87(157044): 
88(414104): 
89(425548): 
90(126184): 
91(494020): 
92(536302): 
93(48542): 
94(481513): 
95(519197): 
96(433362): 
97(337607): 
98(21823): 
99(501204): 
100(438641): 
101(462922): 
102(444456): 
103(322472): 
104(333602): 
105(148008): 
106(152841): 
107(299402): 
108(29563): 
109(115144): 
110(245523): 
111(97018): 
112(247886): 
113(537720): 
114(457506): 
115(189578): 
116(348796): 
117(115024): 
118(236502): 
119(139674): 
120(164490): 
121(372909): 
122(211522): 
123(420643): 
124(200667): 
125(421322): 
126(445274): 
127(49299): 
128(413512): 
129(284228): 
130(248030): 
131(272525): 
132(300621): 
133(496148): 
134(207311): 
135(528695): 
136(390333): 
137(366517): 
138(276604): 
139(318245): 
140(342279): 
141(121638): 
142(514884): 
143(400256): 
144(194436): 
145(150371): 
146(200642): 
147(76557): 
148(313665): 
149(175604): 
150(136963): 
151(468534): 
152(216677): 
153(161640): 
154(65581): 
155(90392): 
156(399173): 
157(534435): 
158(455520): 3(0.242738), 4(0.242738), 
159(65124): 
