0(530270): 2(6.676827), 
1(170387): 2(3.585654), 
2(413248): 3(10.897276), 
3(478514): 
4(297644): 2(0.398405), 
5(65296): 3(3.227156), 
6(78028): 3(1.320898), 
7(510417): 2(1.185369), 
8(360322): 
9(510530): 
10(443747): 2(0.462962), 
11(32100): 2(0.818083), 3(1.067860), 
12(544322): 
13(40583): 
14(539784): 
15(177466): 2(0.462369), 
16(483861): 2(7.616097), 
17(139317): 
18(38822): 2(3.349828), 
19(34250): 1(0.407522), 
20(483396): 1(2.139489), 
21(292080): 1(1.938985), 
22(371991): 1(2.342281), 
23(435810): 1(2.743871), 
24(47550): 1(3.581887), 
25(415287): 0(0.362157), 
26(31488): 0(3.526392), 
27(209080): 0(1.120023), 
28(362275): 0(14.987740), 
29(119495): 0(1.651286), 
30(96479): 3(13.572797), 
31(279398): 1(0.383035), 
32(521217): 1(1.113779), 
33(164157): 
34(251391): 0(0.391295), 2(0.420860), 
35(396135): 0(3.096076), 
36(64429): 0(0.362142), 
37(66910): 0(0.484203), 
38(83362): 1(0.565195), 3(0.654654), 
39(521184): 3(0.506476), 
40(162361): 
41(72727): 3(0.505918), 
42(199961): 
43(201708): 
44(80013): 
45(13679): 
46(241304): 
47(141005): 1(0.740442), 
48(187476): 
49(122267): 
50(97661): 1(0.407630), 
51(34937): 
52(290337): 1(0.352497), 
53(14299): 1(0.352307), 
54(378689): 1(0.378330), 
55(163486): 1(0.378550), 
56(30348): 
57(503446): 
58(132670): 
59(213786): 
60(68712): 
61(475188): 
62(321742): 
