0(305716): 2(0.252531), 
1(21659): 2(0.504897), 
2(445259): 
3(162709): 2(0.338936), 
4(158674): 2(0.364678), 
5(501124): 0(0.477065), 3(0.477065), 
6(140476): 0(0.735022), 3(0.735022), 
7(412353): 0(0.327402), 3(0.327402), 
8(61118): 0(0.223412), 3(0.223412), 
9(129002): 1(0.227284), 
10(278146): 
11(270593): 1(0.628174), 
12(2797): 0(0.731153), 3(0.731152), 
13(389473): 
14(72238): 0(0.545051), 3(0.545051), 
15(282906): 2(0.659269), 
16(422063): 
17(14896): 2(0.643915), 
18(24397): 2(0.258923), 
19(411795): 2(0.260058), 
20(210462): 
21(62867): 2(0.348710), 
22(87626): 2(0.289463), 
23(254423): 2(0.424089), 
24(264309): 0(0.242695), 3(0.242696), 
25(320858): 1(1.057789), 
26(216625): 1(0.425632), 
27(80005): 
28(384795): 
29(476672): 
30(429082): 0(0.713651), 3(0.713650), 
31(438354): 2(0.355610), 
32(258501): 2(0.217913), 
33(42346): 2(1.502120), 
34(303160): 2(0.634451), 
35(71036): 2(0.374560), 
36(432569): 
37(438003): 1(1.970907), 
38(96828): 1(0.576147), 
39(96829): 
40(514909): 1(0.525818), 
41(406975): 
42(514442): 
43(182587): 
44(534790): 2(0.400855), 
45(132671): 2(0.555817), 
46(499649): 0(0.349254), 3(0.349254), 
47(96824): 
48(121462): 
49(260329): 
50(441874): 
51(96812): 
52(205505): 2(0.275508), 
53(163015): 
54(436124): 2(0.234034), 
55(67051): 
56(408836): 2(0.485485), 
57(370812): 
58(166077): 2(0.447890), 
59(145089): 2(0.330025), 
60(188698): 2(0.258499), 
61(354251): 
62(240678): 2(0.250557), 
63(115271): 1(0.302151), 
64(463702): 0(0.405941), 3(0.405936), 
65(528717): 0(0.343577), 1(0.536763), 3(0.343577), 
66(323378): 
67(266187): 
68(15952): 0(0.211359), 3(0.211359), 
69(472962): 0(0.365240), 3(0.365245), 
70(497828): 
71(348877): 1(0.215685), 
72(480884): 0(0.267138), 3(0.267138), 
73(323371): 0(0.350863), 3(0.350863), 
74(57116): 0(0.512371), 3(0.512371), 
75(283440): 0(0.335027), 3(0.335041), 
76(202609): 1(0.371750), 
77(439622): 1(0.710024), 
78(417383): 
79(441268): 
80(315577): 
81(129819): 
82(109243): 0(0.260554), 3(0.260555), 
83(196566): 1(0.277398), 
84(233838): 2(0.251268), 
85(21695): 
86(486888): 2(0.249564), 
87(516992): 1(0.339008), 
88(165128): 
89(47626): 1(0.560440), 
90(320287): 2(0.453283), 
91(278725): 2(0.432307), 
92(203397): 
93(231400): 
94(1015): 
95(466135): 
96(198304): 0(0.274744), 3(0.274745), 
97(538222): 2(0.279133), 
98(350288): 
99(518655): 
100(31200): 
101(121482): 
102(243863): 
103(519672): 2(0.291911), 
104(75245): 2(0.377266), 
105(259040): 
