0(51393): 
1(544170): 2(70.470288), 
2(84392): 
3(49756): 
4(38981): 
5(9244): 
6(9247): 
7(9246): 
8(38982): 
9(4767): 
10(10034): 
11(8324): 
12(9284): 2(0.669454), 
13(9282): 
14(9277): 
15(9254): 
16(9252): 
17(9253): 
18(38978): 
19(10035): 
20(38977): 
21(38974): 
22(106093): 
23(38972): 2(0.632439), 
24(38973): 
25(546316): 1(0.785797), 
26(106103): 
27(402237): 
28(30679): 
29(546317): 1(0.372789), 
30(9834): 
31(261662): 1(1.062203), 
32(546961): 1(4.698015), 
33(546964): 1(4.779271), 
34(1640): 1(1.062601), 
35(544403): 1(2.231680), 
36(1637): 1(1.062200), 
37(1284): 
38(1282): 
39(213002): 
40(479298): 
