23490	86953	114651	203826	365198	365199	365200	503396	503406	517525	517526	517527	524843
23490	86953	114651	203826	365198	365199	365200	503396	503406	517525	517526	517527	524843
23490	86953	114651	203826	365198	365199	365200	503396	503406	517525	517526	517527	524843
23490	86953	114651	203826	365196	365197	365198	365199	365200	503396	503406	516830	517525	517526	517527	524843
23490	86953	114651	203826	365198	365199	365200	503396	503406	517525	517526	517527	524843
23490	86953	114651	203826	365198	365199	365200	503396	503406	517525	517526	517527	524843
23490	86953	114651	203826	365198	365199	365200	503396	503406	517525	517526	517527	524843
23490	86953	114651	203826	365198	365199	365200	503396	503406	517525	517526	517527	524843
23490	86953	114651	203826	365198	365199	365200	503396	503406	517525	517526	517527	524843
23490	86953	114651	203826	365198	365199	365200	503396	503406	517525	517526	517527	524843
23490	86953	114651	203826	365198	365199	365200	503396	503406	517525	517526	517527	524843
23490	86953	114651	203826	365198	365199	365200	503396	503406	517525	517526	517527	524843
23490	86953	114651	203826	365198	365199	365200	503396	503406	517525	517526	517527	524843
23490	86953	114651	203826	365198	365199	365200	503396	503406	517525	517526	517527	524843
23490	86953	114651	203826	365198	365199	365200	503396	503406	517525	517526	517527	524843
23490	86953	114651	203826	365198	365199	365200	503396	503406	517525	517526	517527	524843
23490	86953	114651	203826	365198	365199	365200	503396	503406	517525	517526	517527	524843
23490	86953	114651	203826	365198	365199	365200	503396	503406	517525	517526	517527	524843
23490	86953	114651	203826	365198	365199	365200	503396	503406	517525	517526	517527	524843
23490	86953	114651	203826	365198	365199	365200	503396	503406	517525	517526	517527	524843
23490	86953	114651	203826	365196	365197	365198	365199	365200	503396	503406	516830	517525	517526	517527	524843
23490	86953	114651	203826	365196	365197	365198	365199	365200	503396	503406	516830	517525	517526	517527	524843
23490	86953	114651	203826	365196	365197	365198	365199	365200	503396	503406	516830	517525	517526	517527	524843
23490	86953	114651	203826	365196	365197	365198	365199	365200	503396	503406	517525	517526	517527	524843
23490	86953	114651	203826	365198	365199	365200	503396	503406	517525	517526	517527	524843
23490	86953	114651	203826	365196	365197	365198	365199	365200	503396	503406	517525	517526	517527	524843
23490	86953	114651	203826	365196	365197	365198	365199	365200	503396	503406	516830	517525	517526	517527	524843
23490	86953	114651	203826	365196	365197	365198	365199	365200	503396	503406	516830	517525	517526	517527	524843
23490	86953	114651	203826	365196	365197	365198	365199	365200	503396	503406	516830	517525	517526	517527	524843