0(332188): 
1(235970): 0(1.640252), 
2(356384): 0(0.331623), 
3(76881): 
4(98332): 1(0.448682), 2(0.448682), 
5(74439): 1(0.511262), 2(0.511262), 
6(99373): 1(0.483900), 2(0.483900), 
7(343242): 1(1.068949), 2(1.068949), 
8(536830): 1(0.986165), 2(0.986165), 
9(396649): 
10(184458): 1(0.378595), 2(0.378595), 
11(195210): 1(0.275252), 2(0.275252), 
12(188073): 1(0.225828), 2(0.225828), 
13(228831): 
14(121270): 
15(182430): 
16(432937): 
17(193790): 
18(412670): 
19(205319): 
20(358034): 
21(328155): 
22(191487): 
23(55043): 
24(38444): 
25(416846): 
26(162652): 
27(141711): 
28(181953): 
29(381003): 1(0.268820), 2(0.268820), 
30(23465): 1(0.596909), 2(0.596909), 
31(28053): 1(0.250939), 2(0.250939), 
32(311872): 
33(451671): 
34(408495): 
35(210020): 0(0.326346), 
36(517224): 0(0.236841), 
37(26373): 1(0.255823), 2(0.255823), 
38(73400): 1(0.941511), 2(0.941511), 
39(71736): 1(0.484129), 2(0.484129), 
40(4829): 1(0.249713), 2(0.249713), 
41(333916): 
42(494481): 1(0.407311), 2(0.407311), 
43(107972): 
44(70955): 
45(421557): 0(1.424063), 
46(67464): 0(1.116207), 
47(367285): 0(0.885521), 
48(131211): 
49(452884): 
50(3833): 
51(335763): 1(0.321877), 2(0.321877), 
52(420427): 
53(215955): 
54(400523): 
55(189959): 
56(131182): 
57(101019): 
58(127345): 1(0.821862), 2(0.821862), 
59(98269): 
60(223061): 
61(56052): 1(0.552507), 2(0.552507), 
62(434966): 1(0.550780), 2(0.550780), 
63(504305): 
64(163920): 0(0.730954), 
65(139089): 0(1.396501), 
66(210992): 0(2.060742), 
67(114473): 0(0.483815), 
68(212553): 0(0.242554), 
69(234271): 
70(103544): 
71(65008): 0(0.234910), 
72(426269): 
73(220330): 0(0.226328), 
74(423859): 
75(23916): 
76(189013): 0(0.233390), 
77(475581): 0(0.530450), 
78(6579): 
79(100477): 
80(433843): 0(0.588976), 
81(61178): 0(0.246922), 
82(373188): 0(0.532778), 
83(200044): 
84(368176): 
85(389871): 0(0.246882), 
86(352079): 
87(203903): 0(0.253277), 
88(522750): 
89(444750): 0(0.253246), 
90(327890): 
91(460870): 0(0.246954), 
92(544898): 
93(279216): 
94(142427): 
95(120380): 
96(19341): 
97(91592): 
98(306781): 
99(33812): 
100(53117): 
101(47744): 0(0.531192), 
102(67395): 0(0.532491), 
103(201684): 
104(520121): 
105(105619): 
106(23890): 
107(60349): 
108(445441): 
109(363926): 
110(131093): 
111(156691): 
112(200271): 0(0.274397), 
113(215914): 
114(66096): 0(1.064416), 
115(135702): 
116(250182): 0(0.229468), 
117(324785): 
118(25749): 
119(494860): 
120(168720): 
121(229510): 
122(406305): 
123(445716): 
124(309573): 
125(261558): 
126(320128): 
127(254263): 
128(349055): 
129(472722): 
130(511237): 
131(217230): 
132(519013): 
133(328468): 1(0.220407), 2(0.220407), 
134(403255): 
135(49761): 1(0.333113), 2(0.333113), 
136(471009): 
137(515659): 
138(397590): 
139(366555): 
140(58829): 
141(228537): 
142(5238): 
143(317603): 
144(168715): 
145(382724): 
146(406909): 
147(386336): 
148(86910): 
149(342669): 
150(122915): 
151(327818): 
152(539125): 
