544391	88867
544391	15554
544391	377393
544391	296660
544391	439553
123533	83252
123533	92920
123533	73966
123533	504364
123533	157915
123533	147977
123533	14567
123533	8926
123533	332123
123533	512705
123533	327740
123533	107930
123533	505559
123533	121262
123533	412972
48359	60779
48359	40318
48359	474184
48359	419830
48359	465101
48359	433145
48359	454538
48359	153173
48359	184707
48359	119275
48359	183951
168608	2625
168608	164151
168608	419830
168608	327740
168608	395771
168608	492176
423124	316031
423124	531007
423124	10997
423124	351358
423124	405648
423124	319052
423124	63483
423124	533484
423124	5338
423124	245970
173221	126713
173221	220148
173221	423708
173221	371893
173221	327740
173221	315743
173221	395771
173221	52895
271345	198181
271345	433665
271345	454538
271345	327740
271345	220148
271345	52895
385756	492399
385756	42819
385756	319052
385756	185630
385756	10997
385756	191745
185630	213689
185630	42819
185630	385756
185630	319052
185630	5338
185630	281663
185630	191745
184528	88867
184528	15554
184528	296660
184528	129562
184528	439553
121262	123533
121262	504364
121262	332123
121262	505559
121262	428970
121262	92920
526588	520858
526588	63483
526588	245970
526588	343898
526588	10997
474184	217000
474184	48359
474184	105394
474184	522223
474184	454538
474184	153173
474184	465101
474184	99335
474184	248193
474184	183951
425261	184010
425261	497950
425261	246810
425261	509523
425261	280134
425261	188991
344237	147760
344237	265286
344237	21532
344237	258433
419830	60779
419830	48359
419830	168608
419830	85570
419830	2625
419830	467711
419830	184707
419830	433145
419830	71292
419830	164151
419830	119275
419830	492176
444736	491586
444736	433665
444736	535723
265474	47559
265474	362223
265474	343067
265474	371893
265474	476031
265474	376352
265474	42921
265474	315743
471591	164151
471591	343067
471591	85570
471591	533970
492176	164151
492176	419830
492176	395771
492176	168608
492176	71292
213689	185630
213689	491586
213689	535723
198181	60779
198181	271345
198181	433665
198181	85570
198181	71292
198181	454538
258433	244947
258433	344237
465101	40318
465101	454538
465101	48359
465101	153173
465101	474184
186253	343898
186253	293867
186253	541359
186253	265286
186253	147760
186253	534192
186253	356693
29201	5338
29201	376352
29201	47559
497880	184010
497880	509523
497880	98354
497880	130619
497880	392256
497880	439553
497880	296660
153173	40318
153173	474184
153173	184707
153173	433145
153173	454538
153173	465101
153173	48359
153173	119275
428970	83252
428970	351358
428970	332123
428970	92920
428970	505559
428970	121262
248193	522223
248193	454538
248193	474184
248193	105394
248193	183951
296660	544391
296660	129562
296660	377393
296660	497880
296660	98354
296660	15554
296660	434007
296660	88867
296660	184528
296660	439553
467711	419830
467711	395771
467711	85570
467711	71292
467711	2625
522223	217000
522223	493039
522223	474184
522223	223185
522223	248492
522223	454538
522223	79227
522223	105394
522223	99335
522223	248193
522223	183951
351358	316031
351358	423124
351358	10997
351358	63483
351358	533484
351358	505559
351358	428970
351358	92920
351358	245970
509523	497950
509523	425261
509523	248492
509523	497880
509523	246810
509523	98354
509523	280134
509523	188991
509523	193587
509523	27137
405648	254441
405648	10997
405648	245970
405648	423124
63483	526588
63483	10997
63483	245970
63483	351358
63483	423124
52895	271345
52895	173221
52895	220148
52895	423708
52895	327740
52895	150430
52895	395771
492399	491586
492399	281663
492399	385756
492399	6971
343898	526588
343898	293867
343898	244947
343898	186253
343898	356693
504364	123533
504364	83252
504364	73966
504364	157915
504364	147977
504364	8926
504364	332123
504364	512705
504364	505559
504364	107930
504364	92920
504364	121262
504364	412972
157915	504364
157915	123533
157915	92920
157915	73966
157915	505559
126713	150430
126713	173221
126713	395771
126713	423708
126713	327740
248492	184010
248492	223185
248492	522223
248492	493039
248492	509523
248492	394033
248492	79227
248492	188991
248492	193587
248492	27137
493381	47559
493381	376352
493381	343067
497950	184010
497950	425261
497950	246810
497950	509523
497950	280134
497950	188991
497950	27137
434007	98354
434007	15554
434007	377393
434007	296660
434007	439553
533484	319052
533484	10997
533484	245970
533484	351358
533484	423124
105394	217000
105394	493039
105394	474184
105394	223185
105394	522223
105394	454538
105394	394033
105394	99335
105394	248193
105394	183951
92920	316031
92920	123533
92920	83252
92920	504364
92920	157915
92920	351358
92920	14567
92920	332123
92920	428970
92920	505559
92920	121262
491586	492399
491586	213689
491586	6971
491586	272733
491586	444736
491586	535723
491586	324898
491586	281663
491586	191745
191745	272733
191745	42819
191745	385756
191745	535723
191745	185630
191745	324898
191745	491586
73966	123533
73966	83252
73966	504364
73966	157915
73966	14567
73966	8926
73966	512705
73966	107930
73966	505559
73966	412972
6971	492399
6971	535723
6971	281663
6971	491586
220148	271345
220148	173221
220148	423708
220148	327740
220148	150430
220148	395771
220148	52895
512705	123533
512705	83252
512705	73966
512705	504364
512705	147977
512705	14567
144994	465985
144994	234028
144994	169464
144994	525304
144994	537524
144994	89408
144994	19877
144994	8003
244947	343898
244947	198073
244947	258433
244947	147760
244947	534192
244947	356693
533970	343067
533970	471591
533970	47559
47559	493381
47559	180642
47559	343067
47559	265474
47559	29201
47559	376352
47559	533970
164151	433665
164151	85570
164151	2625
164151	419830
164151	71292
164151	471591
164151	395771
164151	492176
164151	168608
355265	293867
355265	431758
355265	541359
355265	302081
246810	184010
246810	497950
246810	425261
246810	493039
246810	509523
246810	394033
246810	79227
246810	188991
246810	193587
246810	27137
454538	40318
454538	271345
454538	474184
454538	153173
454538	522223
454538	248193
454538	198181
454538	105394
454538	465101
454538	48359
454538	99335
454538	119275
454538	183951
505559	123533
505559	83252
505559	73966
505559	504364
505559	157915
505559	351358
505559	147977
505559	14567
505559	8926
505559	428970
505559	107930
505559	92920
505559	121262
439553	544391
439553	129562
439553	377393
439553	497880
439553	98354
439553	15554
439553	434007
439553	88867
439553	184528
439553	527703
439553	296660
293867	343898
293867	355265
293867	186253
83252	123533
83252	92920
83252	73966
83252	504364
83252	8926
83252	512705
83252	428970
83252	107930
83252	505559
83252	412972
541359	534192
541359	355265
541359	186253
541359	265286
316031	92920
316031	351358
316031	423124
316031	10997
184010	497950
184010	425261
184010	248492
184010	497880
184010	246810
184010	98354
184010	15554
184010	280134
184010	188991
184010	27137
531007	319052
531007	10997
531007	245970
531007	38476
531007	423124
272733	191745
272733	491586
15554	544391
15554	129562
15554	184010
15554	377393
15554	434007
15554	88867
15554	184528
15554	296660
15554	439553
332123	428970
332123	92920
332123	504364
332123	121262
332123	123533
327740	123533
327740	271345
327740	168608
327740	173221
327740	126713
327740	220148
327740	423708
327740	395771
327740	52895
520858	526588
5338	423124
5338	42819
5338	319052
5338	185630
5338	29201
5338	10997
188991	184010
188991	497950
188991	425261
188991	248492
188991	509523
188991	246810
188991	79227
188991	193587
535723	213689
535723	6971
535723	444736
535723	491586
535723	281663
535723	191745
302081	431758
302081	355265
302081	534192
302081	265286
254441	10997
254441	245970
254441	38476
254441	405648
129562	377393
129562	15554
129562	88867
129562	184528
129562	439553
129562	296660
493039	522223
493039	246810
493039	248492
493039	394033
493039	105394
493039	193587
493039	27137
193587	493039
193587	223185
193587	248492
193587	509523
193587	246810
193587	394033
193587	188991
193587	27137
198073	147760
198073	244947
198073	265286
343067	493381
343067	180642
343067	47559
343067	362223
343067	371893
343067	265474
343067	162584
343067	476031
343067	376352
343067	471591
343067	130619
343067	315743
343067	392256
343067	533970
362223	180642
362223	343067
362223	265474
362223	371893
362223	376352
362223	315743
10997	254441
10997	316031
10997	531007
10997	423124
10997	162584
10997	351358
10997	385756
10997	405648
10997	319052
10997	63483
10997	533484
10997	130619
10997	526588
10997	5338
10997	245970
10997	392256
10997	38476
147977	504364
147977	505559
147977	123533
147977	512705
147977	8926
319052	423124
319052	531007
319052	10997
319052	385756
319052	185630
319052	533484
319052	42819
319052	5338
319052	245970
319052	281663
319052	38476
280134	184010
280134	497950
280134	509523
280134	425261
395771	168608
395771	2625
395771	164151
395771	173221
395771	126713
395771	220148
395771	467711
395771	423708
395771	327740
395771	150430
395771	52895
395771	492176
412972	504364
412972	123533
412972	83252
412972	73966
45769	361437
45769	525304
45769	19877
45769	234028
2625	168608
2625	164151
2625	419830
2625	71292
2625	467711
2625	395771
2625	433665
234028	465985
234028	45769
234028	169464
234028	525304
234028	42921
234028	144994
234028	19877
423708	173221
423708	126713
423708	220148
423708	327740
423708	150430
423708	395771
423708	52895
245970	254441
245970	526588
245970	531007
245970	423124
245970	10997
245970	351358
245970	405648
245970	319052
245970	63483
245970	533484
245970	38476
169464	234028
169464	525304
169464	537524
169464	89408
169464	42921
169464	144994
169464	19877
169464	8003
324898	191745
324898	491586
119275	60779
119275	48359
119275	419830
119275	433145
119275	454538
119275	153173
119275	184707
119275	183951
183951	217000
183951	40318
183951	48359
183951	119275
183951	522223
183951	454538
183951	394033
183951	105394
183951	474184
183951	99335
183951	248193
537524	169464
537524	525304
537524	89408
537524	42921
537524	144994
537524	19877
180642	343067
180642	362223
180642	47559
180642	162584
180642	476031
180642	376352
162584	10997
162584	476031
162584	376352
162584	180642
162584	343067
377393	544391
377393	129562
377393	15554
377393	434007
377393	88867
377393	439553
377393	296660
89408	537524
89408	525304
89408	19877
89408	169464
89408	144994
21532	265286
21532	344237
98354	184010
98354	497880
98354	434007
98354	509523
98354	130619
98354	88867
98354	392256
98354	439553
98354	296660
527703	439553
27137	493039
27137	497950
27137	184010
27137	248492
27137	509523
27137	246810
27137	79227
27137	193587
525304	465985
525304	45769
525304	234028
525304	169464
525304	537524
525304	89408
525304	42921
525304	144994
525304	8003
99335	217000
99335	474184
99335	522223
99335	454538
99335	105394
99335	183951
85570	60779
85570	198181
85570	164151
85570	419830
85570	71292
85570	467711
85570	471591
42819	319052
42819	5338
42819	191745
42819	385756
42819	185630
431758	302081
431758	355265
71292	198181
71292	433665
71292	85570
71292	2625
71292	164151
71292	419830
71292	467711
71292	492176
371893	265474
371893	362223
371893	173221
371893	376352
371893	343067
130619	98354
130619	10997
130619	376352
130619	497880
130619	343067
150430	395771
150430	52895
150430	423708
150430	126713
150430	220148
147760	186253
147760	198073
147760	344237
147760	265286
147760	244947
147760	356693
281663	492399
281663	6971
281663	535723
281663	319052
281663	185630
281663	491586
184707	60779
184707	419830
184707	48359
184707	119275
184707	153173
19877	465985
19877	45769
19877	234028
19877	169464
19877	537524
19877	89408
19877	42921
19877	144994
19877	8003
394033	493039
394033	248492
394033	246810
394033	79227
394033	105394
394033	193587
394033	183951
8926	123533
8926	83252
8926	73966
8926	504364
8926	147977
8926	505559
42921	537524
42921	234028
42921	169464
42921	525304
42921	265474
42921	19877
42921	8003
88867	544391
88867	129562
88867	377393
88867	98354
88867	15554
88867	184528
88867	439553
88867	296660
361437	45769
534192	186253
534192	541359
534192	265286
534192	244947
534192	302081
534192	356693
356693	343898
356693	147760
356693	244947
356693	186253
356693	534192
40318	465101
40318	48359
40318	454538
40318	153173
40318	183951
433665	271345
433665	198181
433665	2625
433665	164151
433665	444736
433665	71292
223185	79227
223185	193587
223185	522223
223185	105394
223185	248492
433145	60779
433145	419830
433145	48359
433145	119275
433145	153173
217000	474184
217000	522223
217000	99335
217000	105394
217000	183951
14567	92920
14567	505559
14567	512705
14567	73966
14567	123533
376352	493381
376352	180642
376352	47559
376352	162584
376352	343067
376352	371893
376352	265474
376352	362223
376352	29201
376352	476031
376352	130619
376352	315743
376352	392256
392256	98354
392256	10997
392256	376352
392256	497880
392256	343067
8003	19877
8003	525304
8003	42921
8003	169464
8003	144994
60779	198181
60779	85570
60779	184707
60779	433145
60779	419830
60779	48359
60779	119275
465985	525304
465985	19877
465985	234028
465985	144994
38476	254441
38476	10997
38476	245970
38476	531007
38476	319052
265286	186253
265286	198073
265286	344237
265286	541359
265286	21532
265286	147760
265286	534192
265286	302081
79227	223185
79227	522223
79227	248492
79227	246810
79227	394033
79227	188991
79227	27137
476031	162584
476031	265474
476031	376352
476031	180642
476031	343067
107930	504364
107930	123533
107930	83252
107930	73966
107930	505559
315743	265474
315743	362223
315743	173221
315743	376352
315743	343067
