518606	455158
518606	218429
518606	196453
518606	412242
57685	137392
57685	519342
57685	281118
57685	271766
57685	104504
57685	64539
78849	82128
78849	115598
78849	528926
438465	77320
438465	82823
438465	196453
438465	525219
438465	354348
438465	412242
438465	271766
438465	242549
438465	107230
438465	253751
354600	224125
354600	498016
354600	97420
354600	81392
354600	95698
3120	362551
3120	436450
3120	276847
3120	246768
3120	101939
341761	362551
341761	189398
341761	276086
341761	9869
341761	276847
341761	246768
341761	101939
281118	120326
281118	57685
281118	266147
281118	504277
211925	82128
266147	137392
266147	519342
266147	281118
266147	271766
266147	104504
266147	190266
266147	64539
335032	82128
335032	343933
335032	457320
335032	284788
52665	104997
52665	70232
52665	449008
52665	399137
52665	153172
146209	525219
146209	481242
146209	110936
146209	483042
97420	28461
97420	354600
97420	498016
97420	95698
82823	91983
82823	77320
82823	112768
82823	481242
82823	525219
82823	354348
82823	483042
82823	538992
82823	412242
82823	455158
82823	438465
82823	110936
82823	253751
226912	362551
226912	189398
226912	276086
226912	9869
226912	276847
226912	246768
226912	101939
178391	91983
178391	375181
178391	412242
178391	399137
178391	107230
447700	471688
447700	236382
447700	460256
457320	343933
457320	104997
457320	115598
457320	161157
457320	82128
457320	335032
457320	189580
153172	91983
153172	375181
153172	399137
153172	412242
153172	107230
153172	52665
436450	362551
436450	3120
436450	149432
436450	246768
218429	518606
218429	91983
218429	455158
218429	219936
218429	412242
412077	91983
412077	375181
412077	412242
412077	399137
412077	107230
14992	362551
14992	276847
14992	246768
14992	101939
541722	203600
541722	65985
541722	150038
541722	377304
541722	246768
289784	77320
289784	354348
289784	330541
289784	483042
289784	538992
289784	265320
289784	343112
289784	319065
481242	525219
481242	146209
481242	253751
481242	82823
481242	110936
354348	289784
354348	343112
354348	82823
354348	527391
354348	330541
354348	265320
354348	438465
354348	319065
519342	266147
519342	120326
519342	57685
519342	64539
519342	281961
242549	265320
242549	330541
242549	438465
242549	538992
242549	527391
189580	457320
236382	9869
236382	471688
236382	135519
236382	447700
236382	442647
123297	80905
123297	434120
276847	14992
276847	226912
276847	504831
276847	3120
276847	341761
276847	276086
276847	9869
276847	65985
276847	387465
276847	203600
65985	541722
65985	300171
65985	377304
65985	504831
65985	528926
65985	362551
65985	276847
65985	246768
65985	101939
442647	236382
442647	189398
442647	460256
246768	14992
246768	541722
246768	300171
246768	377304
246768	226912
246768	504831
246768	3120
246768	341761
246768	150038
246768	276086
246768	65985
246768	436450
246768	387465
246768	203600
246768	149432
269579	81392
269579	321216
269579	254204
160330	135519
504277	36530
504277	137392
504277	219484
504277	290158
504277	281118
504277	29384
504277	394976
504277	64539
399137	375181
399137	107230
399137	178391
399137	153172
399137	412077
399137	219936
399137	52665
504831	300171
504831	377304
504831	528926
504831	362551
504831	276847
504831	65985
504831	246768
504831	101939
271766	438465
271766	266147
271766	57685
120326	137392
120326	190266
120326	519342
120326	281118
30357	77320
95698	28461
95698	354600
95698	97420
95698	254204
434120	80905
434120	123297
424159	290813
424159	70232
449008	290813
449008	70232
449008	52665
189398	226912
189398	471688
189398	203600
189398	341761
189398	442647
528926	300171
528926	377304
528926	104997
528926	504831
528926	65985
528926	78849
82128	343933
82128	284788
82128	104997
82128	115598
82128	457320
82128	335032
82128	78849
82128	211925
82128	149105
455158	518606
455158	82823
455158	196453
455158	412242
455158	219936
455158	218429
260060	450608
343112	354348
343112	289784
343112	265320
343112	330541
394976	281961
394976	468540
394976	504277
219936	455158
219936	218429
219936	399137
219936	196453
91983	107230
91983	82823
91983	196453
91983	178391
91983	153172
91983	218429
91983	412077
300171	504831
300171	528926
300171	65985
300171	377304
300171	246768
196453	518606
196453	91983
196453	455158
196453	219936
196453	438465
115598	82128
115598	104997
115598	457320
115598	78849
161157	450608
161157	457320
128619	468540
265320	77320
265320	289784
265320	354348
265320	330541
265320	538992
265320	242549
265320	343112
265320	319065
29384	419169
29384	290158
29384	504277
224125	354600
224125	376939
224125	71521
112768	412242
112768	82823
112768	483042
376939	224125
376939	81392
376939	254204
377304	541722
377304	300171
377304	504831
377304	528926
377304	150038
377304	65985
377304	246768
377304	101939
527391	354348
527391	242549
527391	77320
527391	538992
290158	419169
290158	504277
290158	29384
330541	289784
330541	354348
330541	242549
330541	265320
330541	343112
330541	80905
330541	319065
28461	95698
28461	97420
80905	330541
80905	434120
80905	123297
329132	290813
329132	70232
101939	14992
101939	377304
101939	226912
101939	504831
101939	3120
101939	341761
101939	150038
101939	276086
101939	65985
101939	203600
290813	104997
290813	70232
290813	329132
290813	449008
290813	424159
36530	504277
137392	504277
137392	57685
137392	120326
137392	266147
137392	281961
137392	64539
104997	290813
104997	115598
104997	528926
104997	82128
104997	457320
104997	52665
219484	281961
219484	468540
219484	504277
412242	518606
412242	82823
412242	178391
412242	455158
412242	438465
412242	153172
412242	112768
412242	218429
412242	412077
254204	269579
254204	95698
254204	376939
254204	71521
135519	236382
135519	160330
419169	290158
419169	29384
203600	541722
203600	189398
203600	9869
203600	276847
203600	362551
203600	246768
203600	101939
149432	362551
149432	436450
149432	246768
149432	387465
77320	289784
77320	82823
77320	527391
77320	538992
77320	265320
77320	30357
77320	438465
70232	290813
70232	424159
70232	449008
70232	134368
70232	329132
70232	52665
150038	362551
150038	541722
150038	246768
150038	377304
150038	101939
276086	362551
276086	226912
276086	341761
276086	9869
276086	276847
276086	246768
276086	101939
9869	236382
9869	226912
9869	341761
9869	276086
9869	276847
9869	203600
343933	82128
343933	457320
343933	335032
343933	284788
375181	153172
375181	178391
375181	107230
375181	399137
375181	412077
134368	70232
321216	269579
321216	450608
321216	71521
387465	362551
387465	276847
387465	149432
387465	246768
498016	354600
498016	97420
281961	394976
281961	519342
281961	219484
281961	137392
64539	519342
64539	266147
64539	137392
64539	57685
64539	504277
71521	224125
71521	321216
71521	254204
107230	91983
107230	375181
107230	399137
107230	178391
107230	438465
107230	153172
107230	412077
471688	447700
471688	236382
471688	189398
471688	460256
450608	260060
450608	161157
450608	321216
362551	14992
362551	226912
362551	504831
362551	3120
362551	341761
362551	150038
362551	276086
362551	65985
362551	436450
362551	387465
362551	203600
362551	149432
468540	394976
468540	219484
468540	128619
110936	481242
110936	82823
110936	525219
110936	525485
110936	253751
110936	146209
81392	269579
81392	354600
81392	376939
460256	471688
460256	447700
460256	442647
190266	104504
190266	120326
190266	266147
149105	82128
284788	82128
284788	343933
284788	335032
525219	481242
525219	82823
525219	438465
525219	253751
525219	110936
525219	146209
483042	289784
483042	112768
483042	146209
483042	82823
253751	481242
253751	82823
253751	525219
253751	525485
253751	438465
253751	110936
538992	77320
538992	289784
538992	82823
538992	527391
538992	242549
538992	265320
104504	190266
104504	266147
104504	57685
525485	253751
525485	110936
319065	289784
319065	265320
319065	330541
319065	354348
