0(234598): 
1(291129): 1(10.725764), 
2(201405): 1(12.541831), 
3(110252): 1(9.153065), 
4(68613): 1(12.852547), 
5(429260): 1(21.080659), 
6(344592): 0(0.773804), 
7(166191): 0(3.449969), 
8(11516): 0(1.283895), 
9(379682): 0(0.773642), 
10(390845): 0(0.773031), 
11(151094): 
12(61571): 1(12.853100), 
13(135378): 0(0.574008), 
14(185449): 0(1.065178), 
15(529268): 0(0.421368), 
16(123812): 
17(197926): 
18(435174): 
19(195563): 
20(172939): 
21(396655): 
22(179124): 
23(429722): 
24(434828): 
25(257265): 
26(223755): 2(16.299931), 
27(60351): 2(14.765437), 
28(384715): 2(9.654414), 
29(537268): 
30(508419): 2(4.287973), 
31(209611): 2(12.261768), 
32(275487): 2(6.511102), 
33(195987): 
34(489520): 
35(134328): 
36(193756): 
37(151216): 
38(463771): 
39(111031): 
40(103356): 
41(240709): 
42(460427): 
43(35036): 
44(101983): 
45(184144): 
46(72857): 
47(539958): 
48(240702): 
