0(98546): 1(12.486232), 
1(324827): 
2(370940): 1(0.729400), 2(2.098437), 
3(219248): 
4(215588): 2(21.526166), 
5(420948): 0(10.262147), 1(12.995505), 2(16.367471), 
6(135241): 0(0.708343), 1(3.321084), 2(16.748592), 
7(189331): 
8(143575): 0(1.653676), 1(16.523263), 2(6.426517), 
9(208995): 
10(164231): 0(1.865734), 1(5.003627), 
11(142299): 
12(422525): 
13(474776): 
14(191544): 
15(305173): 
16(48933): 2(2.346559), 
17(134759): 0(0.585627), 
18(465092): 
19(432354): 
20(452249): 0(1.111576), 
21(306231): 0(5.058405), 
22(88064): 
23(278711): 
24(220465): 
25(50208): 
26(122205): 
27(20166): 
28(462824): 
