iter  precision  recall
1  0.000000  0.000000
2  0.500000  0.000537
3  0.333333  0.000537
4  0.250000  0.000537
5  0.200000  0.000537
6  0.166667  0.000537
7  0.142857  0.000537
8  0.125000  0.000537
9  0.111111  0.000537
10  0.200000  0.001074
11  0.181818  0.001074
12  0.166667  0.001074
13  0.153846  0.001074
14  0.142857  0.001074
15  0.133333  0.001074
16  0.125000  0.001074
17  0.117647  0.001074
18  0.111111  0.001074
19  0.105263  0.001074
20  0.100000  0.001074
21  0.095238  0.001074
22  0.090909  0.001074
23  0.086957  0.001074
24  0.083333  0.001074
25  0.080000  0.001074
26  0.076923  0.001074
27  0.074074  0.001074
28  0.071429  0.001074
29  0.068966  0.001074
30  0.066667  0.001074
31  0.064516  0.001074
32  0.062500  0.001074
33  0.060606  0.001074
34  0.058824  0.001074
35  0.057143  0.001074
36  0.055556  0.001074
37  0.054054  0.001074
38  0.052632  0.001074
39  0.051282  0.001074
40  0.050000  0.001074
41  0.048780  0.001074
42  0.047619  0.001074
43  0.046512  0.001074
44  0.045455  0.001074
45  0.044444  0.001074
46  0.043478  0.001074
47  0.042553  0.001074
48  0.041667  0.001074
49  0.040816  0.001074
50  0.040000  0.001074
51  0.039216  0.001074
52  0.038462  0.001074
53  0.037736  0.001074
54  0.037037  0.001074
55  0.036364  0.001074
56  0.035714  0.001074
57  0.035088  0.001074
58  0.034483  0.001074
59  0.033898  0.001074
60  0.033333  0.001074
61  0.032787  0.001074
62  0.032258  0.001074
63  0.031746  0.001074
64  0.031250  0.001074
65  0.030769  0.001074
66  0.030303  0.001074
67  0.029851  0.001074
68  0.029412  0.001074
69  0.028986  0.001074
70  0.028571  0.001074
71  0.028169  0.001074
72  0.027778  0.001074
73  0.041096  0.001610
74  0.040541  0.001610
75  0.040000  0.001610
76  0.039474  0.001610
77  0.038961  0.001610
78  0.038462  0.001610
79  0.037975  0.001610
80  0.037500  0.001610
81  0.037037  0.001610
82  0.036585  0.001610
83  0.036145  0.001610
84  0.035714  0.001610
85  0.035294  0.001610
86  0.034884  0.001610
87  0.034483  0.001610
88  0.034091  0.001610
89  0.033708  0.001610
90  0.033333  0.001610
91  0.043956  0.002147
92  0.043478  0.002147
93  0.043011  0.002147
94  0.042553  0.002147
95  0.042105  0.002147
96  0.041667  0.002147
97  0.041237  0.002147
98  0.040816  0.002147
99  0.040404  0.002147
100  0.040000  0.002147
101  0.039604  0.002147
102  0.039216  0.002147
103  0.038835  0.002147
104  0.038462  0.002147
105  0.038095  0.002147
106  0.037736  0.002147
107  0.037383  0.002147
108  0.037037  0.002147
109  0.036697  0.002147
110  0.036364  0.002147
111  0.036036  0.002147
112  0.035714  0.002147
113  0.035398  0.002147
114  0.043860  0.002684
115  0.052174  0.003221
116  0.060345  0.003757
117  0.059829  0.003757
118  0.067797  0.004294
119  0.067227  0.004294
120  0.066667  0.004294
121  0.066116  0.004294
122  0.065574  0.004294
123  0.065041  0.004294
124  0.064516  0.004294
125  0.064000  0.004294
126  0.063492  0.004294
127  0.062992  0.004294
128  0.062500  0.004294
129  0.062016  0.004294
130  0.061538  0.004294
131  0.061069  0.004294
132  0.060606  0.004294
133  0.060150  0.004294
134  0.059701  0.004294
135  0.059259  0.004294
136  0.058824  0.004294
137  0.058394  0.004294
138  0.057971  0.004294
139  0.057554  0.004294
140  0.057143  0.004294
141  0.056738  0.004294
142  0.056338  0.004294
143  0.055944  0.004294
144  0.055556  0.004294
145  0.055172  0.004294
146  0.054795  0.004294
147  0.054422  0.004294
148  0.054054  0.004294
149  0.053691  0.004294
150  0.053333  0.004294
151  0.052980  0.004294
152  0.052632  0.004294
153  0.052288  0.004294
154  0.051948  0.004294
155  0.051613  0.004294
156  0.051282  0.004294
157  0.050955  0.004294
158  0.050633  0.004294
159  0.050314  0.004294
160  0.050000  0.004294
161  0.049689  0.004294
162  0.049383  0.004294
163  0.049080  0.004294
164  0.048780  0.004294
165  0.048485  0.004294
166  0.048193  0.004294
167  0.047904  0.004294
168  0.047619  0.004294
169  0.047337  0.004294
170  0.047059  0.004294
171  0.046784  0.004294
172  0.046512  0.004294
173  0.046243  0.004294
174  0.045977  0.004294
175  0.045714  0.004294
176  0.045455  0.004294
177  0.050847  0.004831
178  0.050562  0.004831
179  0.050279  0.004831
180  0.050000  0.004831
181  0.049724  0.004831
182  0.049451  0.004831
183  0.049180  0.004831
184  0.048913  0.004831
185  0.048649  0.004831
186  0.048387  0.004831
187  0.048128  0.004831
188  0.047872  0.004831
189  0.047619  0.004831
190  0.047368  0.004831
191  0.047120  0.004831
192  0.046875  0.004831
193  0.046632  0.004831
194  0.046392  0.004831
195  0.046154  0.004831
196  0.045918  0.004831
197  0.045685  0.004831
198  0.045455  0.004831
199  0.045226  0.004831
200  0.045000  0.004831
201  0.044776  0.004831
202  0.044554  0.004831
203  0.044335  0.004831
204  0.044118  0.004831
205  0.043902  0.004831
206  0.043689  0.004831
207  0.043478  0.004831
208  0.043269  0.004831
209  0.043062  0.004831
210  0.042857  0.004831
211  0.042654  0.004831
212  0.042453  0.004831
213  0.042254  0.004831
214  0.042056  0.004831
215  0.041860  0.004831
216  0.041667  0.004831
217  0.046083  0.005368
218  0.045872  0.005368
219  0.045662  0.005368
220  0.045455  0.005368
221  0.045249  0.005368
222  0.045045  0.005368
223  0.044843  0.005368
224  0.044643  0.005368
225  0.044444  0.005368
226  0.044248  0.005368
227  0.044053  0.005368
228  0.043860  0.005368
229  0.043668  0.005368
230  0.043478  0.005368
231  0.043290  0.005368
232  0.043103  0.005368
233  0.042918  0.005368
234  0.042735  0.005368
235  0.042553  0.005368
236  0.042373  0.005368
237  0.042194  0.005368
238  0.042017  0.005368
239  0.041841  0.005368
240  0.041667  0.005368
241  0.041494  0.005368
242  0.041322  0.005368
243  0.041152  0.005368
244  0.045082  0.005904
245  0.044898  0.005904
246  0.044715  0.005904
247  0.044534  0.005904
248  0.044355  0.005904
249  0.044177  0.005904
250  0.044000  0.005904
251  0.043825  0.005904
252  0.043651  0.005904
253  0.043478  0.005904
254  0.043307  0.005904
255  0.043137  0.005904
256  0.042969  0.005904
257  0.042802  0.005904
258  0.042636  0.005904
259  0.042471  0.005904
260  0.042308  0.005904
261  0.042146  0.005904
262  0.041985  0.005904
263  0.041825  0.005904
264  0.041667  0.005904
265  0.041509  0.005904
266  0.041353  0.005904
267  0.041199  0.005904
268  0.041045  0.005904
269  0.040892  0.005904
270  0.040741  0.005904
271  0.044280  0.006441
272  0.044118  0.006441
273  0.043956  0.006441
274  0.043796  0.006441
275  0.043636  0.006441
276  0.043478  0.006441
277  0.043321  0.006441
278  0.043165  0.006441
279  0.043011  0.006441
280  0.042857  0.006441
281  0.042705  0.006441
282  0.042553  0.006441
283  0.042403  0.006441
284  0.042254  0.006441
285  0.042105  0.006441
286  0.041958  0.006441
287  0.041812  0.006441
288  0.045139  0.006978
289  0.044983  0.006978
290  0.044828  0.006978
291  0.048110  0.007515
292  0.047945  0.007515
293  0.047782  0.007515
294  0.047619  0.007515
295  0.047458  0.007515
296  0.047297  0.007515
297  0.047138  0.007515
298  0.046980  0.007515
299  0.046823  0.007515
300  0.046667  0.007515
301  0.046512  0.007515
302  0.046358  0.007515
303  0.046205  0.007515
304  0.046053  0.007515
305  0.045902  0.007515
306  0.045752  0.007515
307  0.048860  0.008052
308  0.048701  0.008052
309  0.048544  0.008052
310  0.048387  0.008052
311  0.048232  0.008052
312  0.048077  0.008052
313  0.047923  0.008052
314  0.047771  0.008052
315  0.047619  0.008052
316  0.047468  0.008052
317  0.047319  0.008052
318  0.047170  0.008052
319  0.047022  0.008052
320  0.046875  0.008052
321  0.046729  0.008052
322  0.046584  0.008052
323  0.046440  0.008052
324  0.046296  0.008052
325  0.046154  0.008052
326  0.046012  0.008052
327  0.045872  0.008052
328  0.045732  0.008052
329  0.045593  0.008052
330  0.045455  0.008052
331  0.045317  0.008052
332  0.045181  0.008052
333  0.045045  0.008052
334  0.047904  0.008588
335  0.047761  0.008588
336  0.047619  0.008588
337  0.047478  0.008588
338  0.047337  0.008588
339  0.047198  0.008588
340  0.047059  0.008588
341  0.046921  0.008588
342  0.046784  0.008588
343  0.046647  0.008588
344  0.046512  0.008588
345  0.046377  0.008588
346  0.046243  0.008588
347  0.046110  0.008588
348  0.045977  0.008588
349  0.045845  0.008588
350  0.045714  0.008588
351  0.045584  0.008588
352  0.045455  0.008588
353  0.045326  0.008588
354  0.045198  0.008588
355  0.045070  0.008588
356  0.044944  0.008588
357  0.044818  0.008588
358  0.047486  0.009125
359  0.047354  0.009125
360  0.047222  0.009125
361  0.047091  0.009125
362  0.049724  0.009662
363  0.049587  0.009662
364  0.049451  0.009662
365  0.049315  0.009662
366  0.049180  0.009662
367  0.049046  0.009662
368  0.048913  0.009662
369  0.048780  0.009662
370  0.048649  0.009662
371  0.048518  0.009662
372  0.048387  0.009662
373  0.048257  0.009662
374  0.048128  0.009662
375  0.048000  0.009662
376  0.047872  0.009662
377  0.047745  0.009662
378  0.047619  0.009662
379  0.047493  0.009662
380  0.047368  0.009662
381  0.047244  0.009662
382  0.047120  0.009662
383  0.046997  0.009662
384  0.046875  0.009662
385  0.046753  0.009662
386  0.046632  0.009662
387  0.046512  0.009662
388  0.046392  0.009662
389  0.046272  0.009662
390  0.046154  0.009662
391  0.048593  0.010199
392  0.051020  0.010735
393  0.050891  0.010735
394  0.050761  0.010735
395  0.050633  0.010735
396  0.050505  0.010735
397  0.050378  0.010735
398  0.050251  0.010735
399  0.050125  0.010735
400  0.050000  0.010735
401  0.049875  0.010735
402  0.049751  0.010735
403  0.049628  0.010735
404  0.049505  0.010735
405  0.049383  0.010735
406  0.049261  0.010735
407  0.049140  0.010735
408  0.049020  0.010735
409  0.048900  0.010735
410  0.048780  0.010735
411  0.048662  0.010735
412  0.048544  0.010735
413  0.048426  0.010735
414  0.048309  0.010735
415  0.048193  0.010735
416  0.048077  0.010735
417  0.047962  0.010735
418  0.047847  0.010735
419  0.047733  0.010735
420  0.047619  0.010735
421  0.049881  0.011272
422  0.049763  0.011272
423  0.049645  0.011272
424  0.049528  0.011272
425  0.049412  0.011272
426  0.049296  0.011272
427  0.049180  0.011272
428  0.049065  0.011272
429  0.048951  0.011272
430  0.048837  0.011272
431  0.048724  0.011272
432  0.048611  0.011272
433  0.048499  0.011272
434  0.048387  0.011272
435  0.048276  0.011272
436  0.048165  0.011272
437  0.050343  0.011809
438  0.052511  0.012346
439  0.052392  0.012346
440  0.054545  0.012882
441  0.056689  0.013419
442  0.056561  0.013419
443  0.058691  0.013956
444  0.058559  0.013956
445  0.060674  0.014493
446  0.060538  0.014493
447  0.062640  0.015030
448  0.062500  0.015030
449  0.062361  0.015030
450  0.062222  0.015030
451  0.062084  0.015030
452  0.061947  0.015030
453  0.064018  0.015566
454  0.063877  0.015566
455  0.063736  0.015566
456  0.063596  0.015566
457  0.063457  0.015566
458  0.063319  0.015566
459  0.063181  0.015566
460  0.063043  0.015566
461  0.062907  0.015566
462  0.062771  0.015566
463  0.062635  0.015566
464  0.062500  0.015566
465  0.062366  0.015566
466  0.062232  0.015566
467  0.062099  0.015566
468  0.061966  0.015566
469  0.061834  0.015566
470  0.061702  0.015566
471  0.061571  0.015566
472  0.061441  0.015566
473  0.061311  0.015566
474  0.061181  0.015566
475  0.061053  0.015566
476  0.060924  0.015566
477  0.060797  0.015566
478  0.060669  0.015566
479  0.060543  0.015566
480  0.060417  0.015566
481  0.060291  0.015566
482  0.060166  0.015566
483  0.060041  0.015566
484  0.059917  0.015566
485  0.059794  0.015566
486  0.061728  0.016103
487  0.061602  0.016103
488  0.061475  0.016103
489  0.061350  0.016103
490  0.061224  0.016103
491  0.061100  0.016103
492  0.060976  0.016103
493  0.060852  0.016103
494  0.060729  0.016103
495  0.060606  0.016103
496  0.060484  0.016103
497  0.060362  0.016103
498  0.060241  0.016103
499  0.060120  0.016103
500  0.060000  0.016103
