0(302782): 
1(534307): 1(8.325134), 3(0.742504), 
2(416089): 3(3.268305), 4(2.431241), 
3(170410): 0(1.829363), 2(1.465397), 3(4.990015), 
4(217427): 0(1.997391), 1(2.144034), 2(1.326579), 
5(45218): 
6(135006): 
7(305636): 0(0.447979), 
8(527583): 3(1.595076), 4(29.656794), 
9(19252): 2(3.784472), 4(23.144945), 
10(71210): 0(16.692090), 1(12.646239), 
11(144017): 
12(116912): 2(0.527698), 
13(203632): 1(0.957273), 2(4.080726), 3(0.442681), 
14(306218): 1(2.814606), 2(1.674213), 
15(169466): 
16(15749): 
17(408181): 
18(265874): 3(0.668088), 
19(331650): 
20(414051): 
21(443830): 
22(241305): 3(0.668616), 
23(464056): 3(0.668989), 
24(162598): 0(0.447961), 
25(173625): 
26(122874): 
27(46650): 3(0.668374), 
28(506695): 
29(145886): 3(0.668385), 
30(144083): 
31(294162): 
32(388799): 
33(201679): 
34(548285): 
35(301622): 0(0.447883), 
36(119385): 
37(476388): 
38(93821): 
39(512458): 2(0.527746), 
40(232501): 
41(247096): 
42(15806): 
43(166494): 
44(74494): 
45(127128): 
46(688): 2(0.527703), 
47(81909): 2(0.527724), 
48(355903): 
49(84370): 
50(517843): 2(0.527967), 
51(290331): 
52(17934): 
