iter  precision  recall
1  0.000000  0.000000
2  0.000000  0.000000
3  0.333333  0.000358
4  0.250000  0.000358
5  0.400000  0.000717
6  0.333333  0.000717
7  0.285714  0.000717
8  0.250000  0.000717
9  0.222222  0.000717
10  0.200000  0.000717
11  0.181818  0.000717
12  0.250000  0.001075
13  0.307692  0.001433
14  0.285714  0.001433
15  0.266667  0.001433
16  0.250000  0.001433
17  0.235294  0.001433
18  0.222222  0.001433
19  0.210526  0.001433
20  0.200000  0.001433
21  0.190476  0.001433
22  0.227273  0.001791
23  0.217391  0.001791
24  0.208333  0.001791
25  0.200000  0.001791
26  0.192308  0.001791
27  0.185185  0.001791
28  0.178571  0.001791
29  0.172414  0.001791
30  0.166667  0.001791
31  0.161290  0.001791
32  0.156250  0.001791
33  0.151515  0.001791
34  0.176471  0.002150
35  0.171429  0.002150
36  0.166667  0.002150
37  0.162162  0.002150
38  0.157895  0.002150
39  0.153846  0.002150
40  0.150000  0.002150
41  0.146341  0.002150
42  0.142857  0.002150
43  0.139535  0.002150
44  0.136364  0.002150
45  0.133333  0.002150
46  0.130435  0.002150
47  0.127660  0.002150
48  0.125000  0.002150
49  0.142857  0.002508
50  0.160000  0.002866
51  0.156863  0.002866
52  0.153846  0.002866
53  0.150943  0.002866
54  0.148148  0.002866
55  0.145455  0.002866
56  0.142857  0.002866
57  0.140351  0.002866
58  0.137931  0.002866
59  0.135593  0.002866
60  0.133333  0.002866
61  0.131148  0.002866
62  0.129032  0.002866
63  0.126984  0.002866
64  0.125000  0.002866
65  0.123077  0.002866
66  0.121212  0.002866
67  0.119403  0.002866
68  0.117647  0.002866
69  0.115942  0.002866
70  0.114286  0.002866
71  0.112676  0.002866
72  0.111111  0.002866
73  0.109589  0.002866
74  0.108108  0.002866
75  0.106667  0.002866
76  0.105263  0.002866
77  0.103896  0.002866
78  0.102564  0.002866
79  0.101266  0.002866
80  0.100000  0.002866
81  0.098765  0.002866
82  0.097561  0.002866
83  0.096386  0.002866
84  0.095238  0.002866
85  0.094118  0.002866
86  0.093023  0.002866
87  0.091954  0.002866
88  0.090909  0.002866
89  0.089888  0.002866
90  0.100000  0.003225
91  0.109890  0.003583
92  0.108696  0.003583
93  0.107527  0.003583
94  0.106383  0.003583
95  0.105263  0.003583
96  0.104167  0.003583
97  0.103093  0.003583
98  0.102041  0.003583
99  0.101010  0.003583
100  0.100000  0.003583
101  0.108911  0.003941
102  0.117647  0.004300
103  0.126214  0.004658
104  0.125000  0.004658
105  0.123810  0.004658
106  0.122642  0.004658
107  0.121495  0.004658
108  0.120370  0.004658
109  0.119266  0.004658
110  0.118182  0.004658
111  0.117117  0.004658
112  0.116071  0.004658
113  0.115044  0.004658
114  0.114035  0.004658
115  0.113043  0.004658
116  0.112069  0.004658
117  0.119658  0.005016
118  0.118644  0.005016
119  0.117647  0.005016
120  0.116667  0.005016
121  0.115702  0.005016
122  0.114754  0.005016
123  0.113821  0.005016
124  0.112903  0.005016
125  0.112000  0.005016
126  0.111111  0.005016
127  0.118110  0.005374
128  0.125000  0.005733
129  0.124031  0.005733
130  0.123077  0.005733
131  0.122137  0.005733
132  0.121212  0.005733
133  0.120301  0.005733
134  0.119403  0.005733
135  0.118519  0.005733
136  0.117647  0.005733
137  0.116788  0.005733
138  0.115942  0.005733
139  0.115108  0.005733
140  0.114286  0.005733
141  0.113475  0.005733
142  0.112676  0.005733
143  0.111888  0.005733
144  0.111111  0.005733
145  0.110345  0.005733
146  0.109589  0.005733
147  0.115646  0.006091
148  0.114865  0.006091
149  0.114094  0.006091
150  0.113333  0.006091
151  0.119205  0.006449
152  0.125000  0.006808
153  0.124183  0.006808
154  0.123377  0.006808
155  0.129032  0.007166
156  0.134615  0.007524
157  0.133758  0.007524
158  0.132911  0.007524
159  0.132075  0.007524
160  0.131250  0.007524
161  0.136646  0.007882
162  0.135802  0.007882
163  0.134969  0.007882
164  0.134146  0.007882
165  0.133333  0.007882
166  0.132530  0.007882
167  0.131737  0.007882
168  0.130952  0.007882
169  0.130178  0.007882
170  0.129412  0.007882
171  0.128655  0.007882
172  0.127907  0.007882
173  0.127168  0.007882
174  0.126437  0.007882
175  0.125714  0.007882
176  0.125000  0.007882
177  0.124294  0.007882
178  0.123596  0.007882
179  0.122905  0.007882
180  0.122222  0.007882
181  0.121547  0.007882
182  0.126374  0.008241
183  0.125683  0.008241
184  0.125000  0.008241
185  0.129730  0.008599
186  0.129032  0.008599
187  0.128342  0.008599
188  0.127660  0.008599
189  0.126984  0.008599
190  0.126316  0.008599
191  0.130890  0.008957
192  0.135417  0.009316
193  0.134715  0.009316
194  0.134021  0.009316
195  0.133333  0.009316
196  0.132653  0.009316
197  0.131980  0.009316
198  0.131313  0.009316
199  0.135678  0.009674
200  0.135000  0.009674
201  0.134328  0.009674
202  0.133663  0.009674
203  0.137931  0.010032
204  0.137255  0.010032
205  0.136585  0.010032
206  0.135922  0.010032
207  0.135266  0.010032
208  0.134615  0.010032
209  0.133971  0.010032
210  0.133333  0.010032
211  0.132701  0.010032
212  0.132075  0.010032
213  0.131455  0.010032
214  0.130841  0.010032
215  0.130233  0.010032
216  0.129630  0.010032
217  0.129032  0.010032
218  0.128440  0.010032
219  0.132420  0.010391
220  0.131818  0.010391
221  0.131222  0.010391
222  0.130631  0.010391
223  0.130045  0.010391
224  0.129464  0.010391
225  0.128889  0.010391
226  0.128319  0.010391
227  0.127753  0.010391
228  0.127193  0.010391
229  0.126638  0.010391
230  0.126087  0.010391
231  0.125541  0.010391
232  0.125000  0.010391
233  0.124464  0.010391
234  0.128205  0.010749
235  0.127660  0.010749
236  0.127119  0.010749
237  0.126582  0.010749
238  0.126050  0.010749
239  0.125523  0.010749
240  0.125000  0.010749
241  0.124481  0.010749
242  0.123967  0.010749
243  0.123457  0.010749
244  0.122951  0.010749
245  0.126531  0.011107
246  0.130081  0.011465
247  0.129555  0.011465
248  0.129032  0.011465
249  0.132530  0.011824
250  0.132000  0.011824
251  0.131474  0.011824
252  0.134921  0.012182
253  0.134387  0.012182
254  0.133858  0.012182
255  0.133333  0.012182
256  0.132812  0.012182
257  0.132296  0.012182
258  0.131783  0.012182
259  0.131274  0.012182
260  0.130769  0.012182
261  0.130268  0.012182
262  0.129771  0.012182
263  0.133080  0.012540
264  0.132576  0.012540
265  0.132075  0.012540
266  0.131579  0.012540
267  0.131086  0.012540
268  0.130597  0.012540
269  0.130112  0.012540
270  0.129630  0.012540
271  0.132841  0.012899
272  0.136029  0.013257
273  0.135531  0.013257
274  0.138686  0.013615
275  0.138182  0.013615
276  0.137681  0.013615
277  0.137184  0.013615
278  0.136691  0.013615
279  0.136201  0.013615
280  0.135714  0.013615
281  0.135231  0.013615
282  0.134752  0.013615
283  0.134276  0.013615
284  0.137324  0.013973
285  0.136842  0.013973
286  0.136364  0.013973
287  0.135889  0.013973
288  0.135417  0.013973
289  0.134948  0.013973
290  0.134483  0.013973
291  0.134021  0.013973
292  0.133562  0.013973
293  0.133106  0.013973
294  0.132653  0.013973
295  0.132203  0.013973
296  0.131757  0.013973
297  0.131313  0.013973
298  0.134228  0.014332
299  0.133779  0.014332
300  0.133333  0.014332
301  0.132890  0.014332
302  0.132450  0.014332
303  0.132013  0.014332
304  0.131579  0.014332
305  0.131148  0.014332
306  0.133987  0.014690
307  0.136808  0.015048
308  0.136364  0.015048
309  0.135922  0.015048
310  0.135484  0.015048
311  0.138264  0.015407
312  0.137821  0.015407
313  0.140575  0.015765
314  0.140127  0.015765
315  0.139683  0.015765
316  0.139241  0.015765
317  0.138801  0.015765
318  0.138365  0.015765
319  0.137931  0.015765
320  0.137500  0.015765
321  0.137072  0.015765
322  0.136646  0.015765
323  0.136223  0.015765
324  0.135802  0.015765
325  0.135385  0.015765
326  0.134969  0.015765
327  0.134557  0.015765
328  0.134146  0.015765
329  0.136778  0.016123
330  0.136364  0.016123
331  0.135952  0.016123
332  0.135542  0.016123
333  0.135135  0.016123
334  0.134731  0.016123
335  0.134328  0.016123
336  0.133929  0.016123
337  0.133531  0.016123
338  0.133136  0.016123
339  0.132743  0.016123
340  0.132353  0.016123
341  0.131965  0.016123
342  0.131579  0.016123
343  0.131195  0.016123
344  0.130814  0.016123
345  0.130435  0.016123
346  0.130058  0.016123
347  0.129683  0.016123
348  0.129310  0.016123
349  0.128940  0.016123
350  0.128571  0.016123
351  0.128205  0.016123
352  0.127841  0.016123
353  0.127479  0.016123
354  0.127119  0.016123
355  0.126761  0.016123
356  0.126404  0.016123
357  0.126050  0.016123
358  0.125698  0.016123
359  0.125348  0.016123
360  0.125000  0.016123
361  0.124654  0.016123
362  0.124309  0.016123
363  0.123967  0.016123
364  0.123626  0.016123
365  0.123288  0.016123
366  0.122951  0.016123
367  0.122616  0.016123
368  0.122283  0.016123
369  0.121951  0.016123
370  0.121622  0.016123
371  0.121294  0.016123
372  0.120968  0.016123
373  0.120643  0.016123
374  0.120321  0.016123
375  0.120000  0.016123
376  0.119681  0.016123
377  0.119363  0.016123
378  0.119048  0.016123
379  0.118734  0.016123
380  0.121053  0.016482
381  0.120735  0.016482
382  0.120419  0.016482
383  0.120104  0.016482
384  0.119792  0.016482
385  0.119481  0.016482
386  0.119171  0.016482
387  0.118863  0.016482
388  0.118557  0.016482
389  0.118252  0.016482
390  0.117949  0.016482
391  0.117647  0.016482
392  0.117347  0.016482
393  0.117048  0.016482
394  0.116751  0.016482
395  0.116456  0.016482
396  0.116162  0.016482
397  0.115869  0.016482
398  0.115578  0.016482
399  0.115288  0.016482
400  0.115000  0.016482
401  0.114713  0.016482
402  0.114428  0.016482
403  0.114144  0.016482
404  0.116337  0.016840
405  0.116049  0.016840
406  0.115764  0.016840
407  0.115479  0.016840
408  0.115196  0.016840
409  0.114914  0.016840
410  0.114634  0.016840
411  0.114355  0.016840
412  0.114078  0.016840
413  0.116223  0.017198
414  0.115942  0.017198
415  0.115663  0.017198
416  0.115385  0.017198
417  0.115108  0.017198
418  0.114833  0.017198
419  0.114558  0.017198
420  0.114286  0.017198
421  0.114014  0.017198
422  0.113744  0.017198
423  0.113475  0.017198
424  0.113208  0.017198
425  0.112941  0.017198
426  0.115023  0.017556
427  0.114754  0.017556
428  0.114486  0.017556
429  0.114219  0.017556
430  0.113953  0.017556
431  0.113689  0.017556
432  0.113426  0.017556
433  0.113164  0.017556
434  0.112903  0.017556
435  0.112644  0.017556
436  0.112385  0.017556
437  0.112128  0.017556
438  0.111872  0.017556
439  0.111617  0.017556
440  0.113636  0.017915
441  0.113379  0.017915
442  0.113122  0.017915
443  0.112867  0.017915
444  0.112613  0.017915
445  0.112360  0.017915
446  0.112108  0.017915
447  0.111857  0.017915
448  0.111607  0.017915
449  0.111359  0.017915
450  0.111111  0.017915
451  0.110865  0.017915
452  0.110619  0.017915
453  0.110375  0.017915
454  0.110132  0.017915
455  0.109890  0.017915
456  0.109649  0.017915
457  0.109409  0.017915
458  0.109170  0.017915
459  0.108932  0.017915
460  0.108696  0.017915
461  0.108460  0.017915
462  0.108225  0.017915
463  0.110151  0.018273
464  0.109914  0.018273
465  0.109677  0.018273
466  0.111588  0.018631
467  0.113490  0.018990
468  0.115385  0.019348
469  0.117271  0.019706
470  0.117021  0.019706
471  0.116773  0.019706
472  0.116525  0.019706
473  0.118393  0.020064
474  0.118143  0.020064
475  0.117895  0.020064
476  0.117647  0.020064
477  0.117400  0.020064
478  0.117155  0.020064
479  0.116910  0.020064
480  0.116667  0.020064
481  0.116424  0.020064
482  0.116183  0.020064
483  0.115942  0.020064
484  0.115702  0.020064
485  0.115464  0.020064
486  0.115226  0.020064
487  0.114990  0.020064
488  0.114754  0.020064
489  0.114519  0.020064
490  0.114286  0.020064
491  0.114053  0.020064
492  0.113821  0.020064
493  0.113590  0.020064
494  0.113360  0.020064
495  0.113131  0.020064
496  0.112903  0.020064
497  0.112676  0.020064
498  0.112450  0.020064
499  0.112224  0.020064
500  0.112000  0.020064
