0 254963
1 228082
2 301483
3 183231
4 206540
5 327922
6 226389
7 77009
8 403540
9 333085
10 75848
11 475036
12 158327
13 189882
14 81790
15 11915
16 36802
17 131043
18 41015
19 504629
20 482169
21 394515
22 179221
23 465919
24 110425
25 334588
26 396362
27 104366
28 448
29 28123
30 44008
31 471848
32 544416
33 515094
34 155663
35 135115
36 326481
37 15922
38 362528
39 467401
40 449691
41 389968
42 485055
43 114138
44 168181
45 321910
46 529820
47 55701
48 392186
49 2117
50 488416
51 491851
52 338300
53 260305
54 271148
55 366149
56 347419
57 170021
58 547506
59 130042
60 455467
61 152512
62 416364
63 106397
64 149579
65 146401
66 42516
67 354715
68 270024
69 310488
70 546224
71 111550
72 95258
73 89918
74 421373
75 98343
76 498651
77 301682
78 325493
79 79705
80 104350
81 328951
82 389791
83 344483
84 397448
85 135409
86 66017
87 499716
88 286536
89 349627
90 416018
91 463529
92 259788
93 433792
94 368498
95 162974
96 403346
97 209915
98 427277
99 154146
100 13589
101 544279
102 175213
103 70230
104 535908
105 477664
106 40326
107 524779
108 79419
109 56913
110 86150
111 325745
112 391539
113 485524
114 413490
115 155025
116 131874
117 525658
118 519832
119 338709
120 56684
121 81042
122 334420
123 121361
124 203546
125 80796
126 52713
127 520877
128 410087
129 397575
130 216697
131 375133
132 154321
133 75762
134 383321
