iter  precision  recall
1  0.000000  0.000000
2  0.000000  0.000000
3  0.000000  0.000000
4  0.000000  0.000000
5  0.000000  0.000000
6  0.000000  0.000000
7  0.142857  0.000537
8  0.125000  0.000537
9  0.111111  0.000537
10  0.100000  0.000537
11  0.090909  0.000537
12  0.083333  0.000537
13  0.076923  0.000537
14  0.071429  0.000537
15  0.066667  0.000537
16  0.062500  0.000537
17  0.058824  0.000537
18  0.055556  0.000537
19  0.052632  0.000537
20  0.050000  0.000537
21  0.047619  0.000537
22  0.045455  0.000537
23  0.043478  0.000537
24  0.041667  0.000537
25  0.080000  0.001074
26  0.076923  0.001074
27  0.074074  0.001074
28  0.071429  0.001074
29  0.068966  0.001074
30  0.066667  0.001074
31  0.064516  0.001074
32  0.062500  0.001074
33  0.060606  0.001074
34  0.058824  0.001074
35  0.057143  0.001074
36  0.055556  0.001074
37  0.054054  0.001074
38  0.052632  0.001074
39  0.051282  0.001074
40  0.050000  0.001074
41  0.048780  0.001074
42  0.047619  0.001074
43  0.046512  0.001074
44  0.045455  0.001074
45  0.044444  0.001074
46  0.043478  0.001074
47  0.042553  0.001074
48  0.041667  0.001074
49  0.040816  0.001074
50  0.040000  0.001074
51  0.039216  0.001074
52  0.038462  0.001074
53  0.037736  0.001074
54  0.037037  0.001074
55  0.036364  0.001074
56  0.035714  0.001074
57  0.035088  0.001074
58  0.034483  0.001074
59  0.033898  0.001074
60  0.033333  0.001074
61  0.032787  0.001074
62  0.032258  0.001074
63  0.031746  0.001074
64  0.031250  0.001074
65  0.030769  0.001074
66  0.030303  0.001074
67  0.029851  0.001074
68  0.029412  0.001074
69  0.028986  0.001074
70  0.028571  0.001074
71  0.028169  0.001074
72  0.027778  0.001074
73  0.027397  0.001074
74  0.027027  0.001074
75  0.040000  0.001610
76  0.039474  0.001610
77  0.038961  0.001610
78  0.038462  0.001610
79  0.037975  0.001610
80  0.037500  0.001610
81  0.037037  0.001610
82  0.036585  0.001610
83  0.036145  0.001610
84  0.035714  0.001610
85  0.035294  0.001610
86  0.034884  0.001610
87  0.034483  0.001610
88  0.034091  0.001610
89  0.033708  0.001610
90  0.033333  0.001610
91  0.032967  0.001610
92  0.032609  0.001610
93  0.032258  0.001610
94  0.031915  0.001610
95  0.031579  0.001610
96  0.031250  0.001610
97  0.041237  0.002147
98  0.040816  0.002147
99  0.040404  0.002147
100  0.050000  0.002684
101  0.049505  0.002684
102  0.049020  0.002684
103  0.048544  0.002684
104  0.048077  0.002684
105  0.047619  0.002684
106  0.047170  0.002684
107  0.046729  0.002684
108  0.046296  0.002684
109  0.045872  0.002684
110  0.045455  0.002684
111  0.045045  0.002684
112  0.044643  0.002684
113  0.044248  0.002684
114  0.043860  0.002684
115  0.043478  0.002684
116  0.043103  0.002684
117  0.042735  0.002684
118  0.042373  0.002684
119  0.042017  0.002684
120  0.041667  0.002684
121  0.041322  0.002684
122  0.049180  0.003221
123  0.056911  0.003757
124  0.056452  0.003757
125  0.056000  0.003757
126  0.055556  0.003757
127  0.055118  0.003757
128  0.054688  0.003757
129  0.054264  0.003757
130  0.053846  0.003757
131  0.053435  0.003757
132  0.053030  0.003757
133  0.052632  0.003757
134  0.059701  0.004294
135  0.066667  0.004831
136  0.066176  0.004831
137  0.065693  0.004831
138  0.065217  0.004831
139  0.064748  0.004831
140  0.064286  0.004831
141  0.070922  0.005368
142  0.077465  0.005904
143  0.076923  0.005904
144  0.076389  0.005904
145  0.075862  0.005904
146  0.075342  0.005904
147  0.074830  0.005904
148  0.074324  0.005904
149  0.073826  0.005904
150  0.073333  0.005904
151  0.072848  0.005904
152  0.072368  0.005904
153  0.071895  0.005904
154  0.071429  0.005904
155  0.077419  0.006441
156  0.076923  0.006441
157  0.082803  0.006978
158  0.088608  0.007515
159  0.094340  0.008052
160  0.100000  0.008588
161  0.099379  0.008588
162  0.104938  0.009125
163  0.104294  0.009125
164  0.103659  0.009125
165  0.103030  0.009125
166  0.102410  0.009125
167  0.101796  0.009125
168  0.101190  0.009125
169  0.100592  0.009125
170  0.100000  0.009125
171  0.105263  0.009662
172  0.104651  0.009662
173  0.104046  0.009662
174  0.103448  0.009662
175  0.102857  0.009662
176  0.102273  0.009662
177  0.101695  0.009662
178  0.101124  0.009662
179  0.100559  0.009662
180  0.100000  0.009662
181  0.099448  0.009662
182  0.098901  0.009662
183  0.098361  0.009662
184  0.097826  0.009662
185  0.097297  0.009662
186  0.096774  0.009662
187  0.101604  0.010199
188  0.101064  0.010199
189  0.100529  0.010199
190  0.100000  0.010199
191  0.099476  0.010199
192  0.098958  0.010199
193  0.098446  0.010199
194  0.097938  0.010199
195  0.097436  0.010199
196  0.096939  0.010199
197  0.096447  0.010199
198  0.095960  0.010199
199  0.095477  0.010199
200  0.095000  0.010199
201  0.094527  0.010199
202  0.094059  0.010199
203  0.093596  0.010199
204  0.093137  0.010199
205  0.097561  0.010735
206  0.097087  0.010735
207  0.096618  0.010735
208  0.096154  0.010735
209  0.095694  0.010735
210  0.095238  0.010735
211  0.094787  0.010735
212  0.094340  0.010735
213  0.098592  0.011272
214  0.098131  0.011272
215  0.097674  0.011272
216  0.097222  0.011272
217  0.096774  0.011272
218  0.096330  0.011272
219  0.095890  0.011272
220  0.095455  0.011272
221  0.095023  0.011272
222  0.094595  0.011272
223  0.094170  0.011272
224  0.093750  0.011272
225  0.093333  0.011272
226  0.092920  0.011272
227  0.092511  0.011272
228  0.092105  0.011272
229  0.091703  0.011272
230  0.091304  0.011272
231  0.090909  0.011272
232  0.090517  0.011272
233  0.090129  0.011272
234  0.089744  0.011272
235  0.089362  0.011272
236  0.088983  0.011272
237  0.088608  0.011272
238  0.088235  0.011272
239  0.087866  0.011272
240  0.087500  0.011272
241  0.087137  0.011272
242  0.086777  0.011272
243  0.086420  0.011272
244  0.086066  0.011272
245  0.085714  0.011272
246  0.089431  0.011809
247  0.089069  0.011809
248  0.088710  0.011809
249  0.088353  0.011809
250  0.088000  0.011809
251  0.087649  0.011809
252  0.087302  0.011809
253  0.086957  0.011809
254  0.086614  0.011809
255  0.086275  0.011809
256  0.085938  0.011809
257  0.085603  0.011809
258  0.085271  0.011809
259  0.084942  0.011809
260  0.084615  0.011809
261  0.088123  0.012346
262  0.087786  0.012346
263  0.087452  0.012346
264  0.087121  0.012346
265  0.086792  0.012346
266  0.086466  0.012346
267  0.086142  0.012346
268  0.085821  0.012346
269  0.085502  0.012346
270  0.088889  0.012882
271  0.088561  0.012882
272  0.091912  0.013419
273  0.095238  0.013956
274  0.098540  0.014493
275  0.101818  0.015030
276  0.101449  0.015030
277  0.101083  0.015030
278  0.100719  0.015030
279  0.100358  0.015030
280  0.100000  0.015030
281  0.099644  0.015030
282  0.099291  0.015030
283  0.098940  0.015030
284  0.098592  0.015030
285  0.098246  0.015030
286  0.097902  0.015030
287  0.097561  0.015030
288  0.097222  0.015030
289  0.096886  0.015030
290  0.096552  0.015030
291  0.096220  0.015030
292  0.095890  0.015030
293  0.095563  0.015030
294  0.095238  0.015030
295  0.094915  0.015030
296  0.094595  0.015030
297  0.094276  0.015030
298  0.093960  0.015030
299  0.093645  0.015030
300  0.093333  0.015030
301  0.093023  0.015030
302  0.096026  0.015566
303  0.095710  0.015566
304  0.095395  0.015566
305  0.095082  0.015566
306  0.094771  0.015566
307  0.094463  0.015566
308  0.094156  0.015566
309  0.093851  0.015566
310  0.093548  0.015566
311  0.093248  0.015566
312  0.092949  0.015566
313  0.092652  0.015566
314  0.092357  0.015566
315  0.092063  0.015566
316  0.091772  0.015566
317  0.091483  0.015566
318  0.091195  0.015566
319  0.090909  0.015566
320  0.090625  0.015566
321  0.090343  0.015566
322  0.090062  0.015566
323  0.092879  0.016103
324  0.092593  0.016103
325  0.092308  0.016103
326  0.095092  0.016640
327  0.094801  0.016640
328  0.097561  0.017177
329  0.097264  0.017177
330  0.096970  0.017177
331  0.096677  0.017177
332  0.096386  0.017177
333  0.096096  0.017177
334  0.095808  0.017177
335  0.095522  0.017177
336  0.095238  0.017177
337  0.094955  0.017177
338  0.094675  0.017177
339  0.094395  0.017177
340  0.094118  0.017177
341  0.093842  0.017177
342  0.093567  0.017177
343  0.093294  0.017177
344  0.093023  0.017177
345  0.092754  0.017177
346  0.092486  0.017177
347  0.092219  0.017177
348  0.091954  0.017177
349  0.091691  0.017177
350  0.094286  0.017713
351  0.094017  0.017713
352  0.093750  0.017713
353  0.093484  0.017713
354  0.093220  0.017713
355  0.092958  0.017713
356  0.092697  0.017713
357  0.092437  0.017713
358  0.092179  0.017713
359  0.091922  0.017713
360  0.091667  0.017713
361  0.091413  0.017713
362  0.091160  0.017713
363  0.090909  0.017713
364  0.090659  0.017713
365  0.090411  0.017713
366  0.090164  0.017713
367  0.089918  0.017713
368  0.089674  0.017713
369  0.092141  0.018250
370  0.091892  0.018250
371  0.094340  0.018787
372  0.094086  0.018787
373  0.093834  0.018787
374  0.096257  0.019324
375  0.096000  0.019324
376  0.095745  0.019324
377  0.095491  0.019324
378  0.095238  0.019324
379  0.094987  0.019324
380  0.094737  0.019324
381  0.094488  0.019324
382  0.094241  0.019324
383  0.093995  0.019324
384  0.093750  0.019324
385  0.093506  0.019324
386  0.093264  0.019324
387  0.093023  0.019324
388  0.092784  0.019324
389  0.092545  0.019324
390  0.092308  0.019324
391  0.092072  0.019324
392  0.091837  0.019324
393  0.091603  0.019324
394  0.091371  0.019324
395  0.091139  0.019324
396  0.090909  0.019324
397  0.090680  0.019324
398  0.090452  0.019324
399  0.092732  0.019860
400  0.092500  0.019860
401  0.092269  0.019860
402  0.092040  0.019860
403  0.091811  0.019860
404  0.091584  0.019860
405  0.091358  0.019860
406  0.091133  0.019860
407  0.090909  0.019860
408  0.090686  0.019860
409  0.090465  0.019860
410  0.090244  0.019860
411  0.090024  0.019860
412  0.089806  0.019860
413  0.089588  0.019860
414  0.089372  0.019860
415  0.089157  0.019860
416  0.091346  0.020397
417  0.093525  0.020934
418  0.095694  0.021471
419  0.095465  0.021471
420  0.097619  0.022008
421  0.097387  0.022008
422  0.097156  0.022008
423  0.096927  0.022008
424  0.096698  0.022008
425  0.096471  0.022008
426  0.096244  0.022008
427  0.096019  0.022008
428  0.095794  0.022008
429  0.097902  0.022544
430  0.097674  0.022544
431  0.097448  0.022544
432  0.097222  0.022544
433  0.096998  0.022544
434  0.096774  0.022544
435  0.096552  0.022544
436  0.096330  0.022544
437  0.096110  0.022544
438  0.095890  0.022544
439  0.095672  0.022544
440  0.095455  0.022544
441  0.095238  0.022544
442  0.095023  0.022544
443  0.094808  0.022544
444  0.094595  0.022544
445  0.094382  0.022544
446  0.094170  0.022544
447  0.093960  0.022544
448  0.093750  0.022544
449  0.093541  0.022544
450  0.093333  0.022544
451  0.093126  0.022544
452  0.092920  0.022544
453  0.092715  0.022544
454  0.092511  0.022544
455  0.092308  0.022544
456  0.092105  0.022544
457  0.091904  0.022544
458  0.093886  0.023081
459  0.093682  0.023081
460  0.093478  0.023081
461  0.093275  0.023081
462  0.093074  0.023081
463  0.092873  0.023081
464  0.092672  0.023081
465  0.092473  0.023081
466  0.092275  0.023081
467  0.094218  0.023618
468  0.094017  0.023618
469  0.093817  0.023618
470  0.093617  0.023618
471  0.093418  0.023618
472  0.093220  0.023618
473  0.093023  0.023618
474  0.092827  0.023618
475  0.092632  0.023618
476  0.092437  0.023618
477  0.092243  0.023618
478  0.092050  0.023618
479  0.091858  0.023618
480  0.091667  0.023618
481  0.091476  0.023618
482  0.093361  0.024155
483  0.093168  0.024155
484  0.092975  0.024155
485  0.092784  0.024155
486  0.092593  0.024155
487  0.092402  0.024155
488  0.092213  0.024155
489  0.092025  0.024155
490  0.091837  0.024155
491  0.093686  0.024691
492  0.093496  0.024691
493  0.093306  0.024691
494  0.093117  0.024691
495  0.092929  0.024691
496  0.092742  0.024691
497  0.092555  0.024691
498  0.092369  0.024691
499  0.092184  0.024691
500  0.092000  0.024691
