0(152199): 3(2.224455), 4(2.224455), 5(2.224455), 
1(195054): 3(0.498701), 4(0.498701), 5(0.498701), 
2(26767): 
3(444051): 0(1.052334), 1(1.052334), 2(7.532803), 3(0.569916), 4(0.569916), 5(0.569916), 
4(458949): 3(1.958607), 4(1.958607), 5(1.958607), 
5(458950): 0(0.872047), 1(0.872047), 
6(391036): 3(1.756110), 4(1.756110), 5(1.756110), 
7(504543): 3(2.152547), 4(2.152547), 5(2.152547), 
8(185261): 
9(112824): 
10(315129): 
11(77339): 
12(77328): 
13(187297): 
14(112825): 2(9.752200), 
15(522078): 2(9.736925), 
16(112827): 2(0.476258), 
17(444048): 0(11.612260), 1(11.612260), 2(0.401107), 
18(63371): 
19(187294): 
20(63369): 
21(122005): 
22(483124): 
23(483126): 
24(32688): 
25(483106): 
26(122007): 
27(483103): 
28(70071): 
29(26769): 0(2.927713), 1(2.927713), 
30(287916): 0(1.263011), 1(1.263011), 
31(97756): 
32(416747): 
33(265513): 
34(533138): 
35(76878): 
36(346709): 
37(397126): 
38(93631): 
