0(530270): 0(0.552551), 1(0.552551), 2(0.552551), 
1(170387): 
2(413248): 0(0.483245), 1(0.483245), 2(0.483245), 
3(478514): 
4(297644): 
5(65296): 0(0.408124), 1(0.408124), 2(0.408124), 
6(78028): 
7(510417): 
8(360322): 
9(510530): 
10(443747): 
11(32100): 0(0.417503), 1(0.417503), 2(0.417503), 
12(544322): 
13(40583): 
14(539784): 
15(177466): 
16(483861): 0(0.393402), 1(0.393402), 2(0.393402), 
17(139317): 
18(38822): 
19(34250): 
20(483396): 0(0.402869), 1(0.402869), 2(0.402869), 
21(292080): 0(0.474487), 1(0.474487), 2(0.474487), 
22(371991): 0(0.420432), 1(0.420432), 2(0.420432), 
23(435810): 0(0.608030), 1(0.608030), 2(0.608030), 
24(47550): 0(0.514960), 1(0.514960), 2(0.514960), 
25(415287): 
26(31488): 
27(209080): 
28(362275): 
29(119495): 
30(96479): 0(0.567574), 1(0.567574), 2(0.567574), 
31(279398): 
32(521217): 
33(164157): 
34(251391): 
35(396135): 
36(64429): 
37(66910): 
38(83362): 0(0.484046), 1(0.484046), 2(0.484046), 
39(521184): 
40(162361): 
41(72727): 
42(199961): 
43(201708): 
44(80013): 
45(13679): 
46(241304): 
47(141005): 
48(187476): 
49(122267): 
50(97661): 
51(34937): 
52(290337): 
53(14299): 
54(378689): 
55(163486): 
56(30348): 
57(503446): 
58(132670): 
59(213786): 
60(68712): 
61(475188): 
62(321742): 
