0(447308): 2(1.873534), 
1(524821): 2(1.101484), 
2(32021): 0(1.113926), 1(1.113926), 
3(522331): 
4(270490): 2(2.179854), 
5(463627): 0(4.984371), 1(4.984371), 2(0.666439), 
6(470056): 
7(447229): 2(0.601999), 
8(523504): 2(0.807142), 
9(53522): 0(1.208613), 1(1.208613), 2(1.171490), 
10(531334): 2(1.237303), 
11(102770): 0(0.633045), 1(0.633045), 
12(513436): 
13(173699): 
14(118665): 0(28.632990), 1(28.632990), 
15(127411): 
16(280839): 
17(26950): 
18(258931): 
19(381650): 2(0.950078), 
20(70364): 0(0.544067), 1(0.544067), 
21(530112): 
22(479547): 
23(123802): 
24(524343): 
25(435495): 
26(322266): 
27(80737): 
28(326387): 
29(256539): 
30(513793): 
