0(205753): 
1(120216): 0(5.855345), 1(5.855345), 
2(514234): 0(0.300985), 1(0.300985), 2(14.836505), 
3(144759): 0(6.201957), 1(6.201957), 
4(96570): 0(4.986670), 1(4.986670), 
5(170852): 0(1.163274), 1(1.163274), 
6(155547): 
7(101887): 3(2.177122), 4(2.177122), 
8(522052): 5(3.653615), 
9(334949): 3(1.639921), 4(1.639921), 
10(138082): 5(3.127938), 
11(282030): 5(2.213381), 
12(490663): 
13(242922): 3(1.562991), 4(1.562991), 
14(77207): 3(1.076755), 4(1.076755), 
15(267488): 3(1.585268), 4(1.585268), 
16(478239): 
17(54592): 5(1.318987), 
18(334702): 5(1.247604), 
19(154531): 5(0.854923), 
20(502957): 
21(449271): 5(1.835701), 
22(523122): 
23(148667): 
24(543383): 
25(470241): 
26(29420): 
27(332625): 
28(30231): 3(0.600313), 4(0.600313), 5(0.695054), 
29(534183): 
30(31816): 
31(493688): 
32(183335): 
33(471504): 
34(295712): 
35(68266): 
36(327230): 5(1.778211), 
37(255998): 
38(153667): 
39(302934): 
40(421055): 
41(524835): 5(0.684092), 
42(303224): 
43(17709): 
44(99737): 
45(266875): 
46(110845): 5(0.385834), 
47(323681): 
48(447132): 
49(518779): 
50(291353): 
51(250473): 
52(89482): 
53(174042): 
54(385452): 
55(143298): 
56(214971): 
57(148815): 
58(28177): 
59(387927): 
60(406316): 
61(192753): 
62(430917): 
63(93050): 
64(526279): 
65(267589): 
66(399472): 
67(237412): 
68(113814): 
69(303820): 
70(492019): 
71(54426): 
72(362794): 
73(22687): 
74(62052): 
75(335207): 
76(145667): 
77(241881): 0(1.103553), 1(1.103553), 2(12.806372), 
78(439926): 0(1.603147), 1(1.603147), 
79(520043): 2(2.105011), 
80(343273): 
81(245861): 2(0.333707), 
82(502220): 2(5.734610), 
83(388820): 2(2.305006), 
84(173982): 
85(251270): 2(8.639002), 
86(207318): 
87(356552): 
88(418859): 
89(513584): 
90(145796): 
91(190037): 
92(276303): 
93(323234): 
94(514938): 
95(122110): 
96(95025): 
97(22383): 
98(220940): 
99(51130): 2(0.339902), 
100(323839): 2(0.339963), 
101(544881): 
102(491704): 
