0(302782): 
1(534307): 1(4.197740), 
2(416089): 3(48.718738), 
3(170410): 3(6.469024), 
4(217427): 1(1.645774), 2(11.580420), 
5(45218): 
6(135006): 
7(305636): 
8(527583): 1(1.194514), 3(5.620239), 
9(19252): 1(1.177221), 
10(71210): 1(2.944241), 2(1.983109), 
11(144017): 
12(116912): 
13(203632): 2(55.270710), 
14(306218): 1(0.441263), 2(4.943310), 
15(169466): 1(0.500513), 
16(15749): 
17(408181): 
18(265874): 
19(331650): 
20(414051): 
21(443830): 
22(241305): 
23(464056): 
24(162598): 
25(173625): 
26(122874): 
27(46650): 
28(506695): 
29(145886): 
30(144083): 1(0.500610), 
31(294162): 
32(388799): 1(0.453136), 
33(201679): 1(0.500527), 
34(548285): 1(0.453193), 
35(301622): 
36(119385): 
37(476388): 
38(93821): 
39(512458): 
40(232501): 
41(247096): 
42(15806): 
43(166494): 
44(74494): 
45(127128): 
46(688): 
47(81909): 
48(355903): 
49(84370): 
50(517843): 
51(290331): 
52(17934): 
