0(280651): 
1(479518): 1(71.523039), 
2(353596): 0(0.798849), 
3(33379): 1(3.141328), 2(8.978478), 
4(245507): 0(4.530380), 2(4.283037), 
5(206984): 
6(192900): 
7(287026): 2(0.754472), 
8(211804): 0(5.605903), 1(17.571732), 2(4.193150), 
9(354809): 2(2.403033), 
10(326323): 2(1.008090), 
11(156950): 
12(39576): 
13(260701): 1(8.869265), 2(1.379836), 
14(312743): 
15(280091): 
16(478532): 
17(431195): 0(10.069135), 
18(262116): 0(1.502842), 
19(481729): 0(2.744370), 
20(358478): 
21(357507): 
22(274940): 
23(483021): 
24(350547): 
25(46990): 
26(361346): 
27(243918): 
28(53000): 
29(290875): 
30(265910): 
31(170690): 
32(461532): 
33(544291): 
34(54882): 
35(482033): 
36(37456): 
37(417432): 
38(413665): 
39(315637): 
40(520878): 
41(214059): 
42(125538): 
43(147000): 
44(242803): 0(0.597211), 
45(146859): 
46(508757): 
47(25624): 
48(188807): 
49(173435): 
50(385932): 
51(544374): 
52(240637): 
53(225455): 
54(291402): 
55(316854): 
56(274): 
57(334559): 
58(441045): 
59(181843): 
60(82064): 
61(350128): 
62(256725): 
63(13680): 
