iter  precision  recall
1  1.000000  0.000376
2  0.500000  0.000376
3  0.333333  0.000376
4  0.250000  0.000376
5  0.200000  0.000376
6  0.166667  0.000376
7  0.142857  0.000376
8  0.125000  0.000376
9  0.111111  0.000376
10  0.100000  0.000376
11  0.090909  0.000376
12  0.083333  0.000376
13  0.076923  0.000376
14  0.071429  0.000376
15  0.066667  0.000376
16  0.062500  0.000376
17  0.058824  0.000376
18  0.055556  0.000376
19  0.052632  0.000376
20  0.050000  0.000376
21  0.047619  0.000376
22  0.045455  0.000376
23  0.043478  0.000376
24  0.041667  0.000376
25  0.040000  0.000376
26  0.038462  0.000376
27  0.037037  0.000376
28  0.035714  0.000376
29  0.034483  0.000376
30  0.033333  0.000376
31  0.032258  0.000376
32  0.031250  0.000376
33  0.030303  0.000376
34  0.029412  0.000376
35  0.028571  0.000376
36  0.027778  0.000376
37  0.027027  0.000376
38  0.026316  0.000376
39  0.025641  0.000376
40  0.025000  0.000376
41  0.024390  0.000376
42  0.023810  0.000376
43  0.023256  0.000376
44  0.022727  0.000376
45  0.022222  0.000376
46  0.021739  0.000376
47  0.021277  0.000376
48  0.020833  0.000376
49  0.020408  0.000376
50  0.020000  0.000376
51  0.019608  0.000376
52  0.019231  0.000376
53  0.018868  0.000376
54  0.018519  0.000376
55  0.018182  0.000376
56  0.017857  0.000376
57  0.017544  0.000376
58  0.017241  0.000376
59  0.016949  0.000376
60  0.016667  0.000376
61  0.032787  0.000751
62  0.048387  0.001127
63  0.047619  0.001127
64  0.046875  0.001127
65  0.046154  0.001127
66  0.045455  0.001127
67  0.044776  0.001127
68  0.044118  0.001127
69  0.043478  0.001127
70  0.042857  0.001127
71  0.042254  0.001127
72  0.041667  0.001127
73  0.041096  0.001127
74  0.040541  0.001127
75  0.040000  0.001127
76  0.039474  0.001127
77  0.038961  0.001127
78  0.038462  0.001127
79  0.037975  0.001127
80  0.037500  0.001127
81  0.037037  0.001127
82  0.036585  0.001127
83  0.036145  0.001127
84  0.035714  0.001127
85  0.035294  0.001127
86  0.034884  0.001127
87  0.034483  0.001127
88  0.045455  0.001502
89  0.044944  0.001502
90  0.044444  0.001502
91  0.043956  0.001502
92  0.043478  0.001502
93  0.043011  0.001502
94  0.042553  0.001502
95  0.042105  0.001502
96  0.041667  0.001502
97  0.041237  0.001502
98  0.040816  0.001502
99  0.040404  0.001502
100  0.040000  0.001502
101  0.039604  0.001502
102  0.039216  0.001502
103  0.038835  0.001502
104  0.038462  0.001502
105  0.038095  0.001502
106  0.037736  0.001502
107  0.037383  0.001502
108  0.037037  0.001502
109  0.036697  0.001502
110  0.036364  0.001502
111  0.036036  0.001502
112  0.035714  0.001502
113  0.035398  0.001502
114  0.035088  0.001502
115  0.034783  0.001502
116  0.034483  0.001502
117  0.034188  0.001502
118  0.033898  0.001502
119  0.033613  0.001502
120  0.033333  0.001502
121  0.033058  0.001502
122  0.032787  0.001502
123  0.032520  0.001502
124  0.032258  0.001502
125  0.032000  0.001502
126  0.031746  0.001502
127  0.031496  0.001502
128  0.031250  0.001502
129  0.031008  0.001502
130  0.030769  0.001502
131  0.030534  0.001502
132  0.030303  0.001502
133  0.030075  0.001502
134  0.029851  0.001502
135  0.029630  0.001502
136  0.029412  0.001502
137  0.029197  0.001502
138  0.028986  0.001502
139  0.028777  0.001502
140  0.028571  0.001502
141  0.028369  0.001502
142  0.028169  0.001502
143  0.027972  0.001502
144  0.027778  0.001502
145  0.027586  0.001502
146  0.027397  0.001502
147  0.027211  0.001502
148  0.027027  0.001502
149  0.026846  0.001502
150  0.026667  0.001502
151  0.026490  0.001502
152  0.026316  0.001502
153  0.026144  0.001502
154  0.025974  0.001502
155  0.025806  0.001502
156  0.025641  0.001502
157  0.025478  0.001502
158  0.025316  0.001502
159  0.025157  0.001502
160  0.025000  0.001502
161  0.024845  0.001502
162  0.024691  0.001502
163  0.024540  0.001502
164  0.024390  0.001502
165  0.024242  0.001502
166  0.024096  0.001502
167  0.023952  0.001502
168  0.023810  0.001502
169  0.023669  0.001502
170  0.023529  0.001502
171  0.023392  0.001502
172  0.023256  0.001502
173  0.023121  0.001502
174  0.022989  0.001502
175  0.022857  0.001502
176  0.028409  0.001878
177  0.028249  0.001878
178  0.028090  0.001878
179  0.027933  0.001878
180  0.027778  0.001878
181  0.027624  0.001878
182  0.027473  0.001878
183  0.027322  0.001878
184  0.027174  0.001878
185  0.027027  0.001878
186  0.026882  0.001878
187  0.026738  0.001878
188  0.026596  0.001878
189  0.026455  0.001878
190  0.026316  0.001878
191  0.026178  0.001878
192  0.026042  0.001878
193  0.025907  0.001878
194  0.025773  0.001878
195  0.025641  0.001878
196  0.025510  0.001878
197  0.025381  0.001878
198  0.025253  0.001878
199  0.025126  0.001878
200  0.025000  0.001878
201  0.024876  0.001878
202  0.024752  0.001878
203  0.024631  0.001878
204  0.024510  0.001878
205  0.024390  0.001878
206  0.024272  0.001878
207  0.024155  0.001878
208  0.024038  0.001878
209  0.023923  0.001878
210  0.023810  0.001878
211  0.023697  0.001878
212  0.023585  0.001878
213  0.023474  0.001878
214  0.023364  0.001878
215  0.023256  0.001878
216  0.023148  0.001878
217  0.023041  0.001878
218  0.022936  0.001878
219  0.022831  0.001878
220  0.027273  0.002253
221  0.027149  0.002253
222  0.027027  0.002253
223  0.026906  0.002253
224  0.026786  0.002253
225  0.026667  0.002253
226  0.026549  0.002253
227  0.026432  0.002253
228  0.026316  0.002253
229  0.026201  0.002253
230  0.026087  0.002253
231  0.025974  0.002253
232  0.025862  0.002253
233  0.025751  0.002253
234  0.025641  0.002253
235  0.025532  0.002253
236  0.025424  0.002253
237  0.025316  0.002253
238  0.025210  0.002253
239  0.029289  0.002629
240  0.033333  0.003004
241  0.033195  0.003004
242  0.033058  0.003004
243  0.032922  0.003004
244  0.032787  0.003004
245  0.032653  0.003004
246  0.032520  0.003004
247  0.032389  0.003004
248  0.032258  0.003004
249  0.032129  0.003004
250  0.032000  0.003004
251  0.031873  0.003004
252  0.031746  0.003004
253  0.031621  0.003004
254  0.031496  0.003004
255  0.031373  0.003004
256  0.031250  0.003004
257  0.031128  0.003004
258  0.031008  0.003004
259  0.030888  0.003004
260  0.030769  0.003004
261  0.030651  0.003004
262  0.030534  0.003004
263  0.030418  0.003004
264  0.030303  0.003004
265  0.030189  0.003004
266  0.030075  0.003004
267  0.029963  0.003004
268  0.029851  0.003004
269  0.029740  0.003004
270  0.029630  0.003004
271  0.029520  0.003004
272  0.029412  0.003004
273  0.029304  0.003004
274  0.029197  0.003004
275  0.029091  0.003004
276  0.028986  0.003004
277  0.028881  0.003004
278  0.028777  0.003004
279  0.028674  0.003004
280  0.028571  0.003004
281  0.028470  0.003004
282  0.028369  0.003004
283  0.028269  0.003004
284  0.028169  0.003004
285  0.028070  0.003004
286  0.027972  0.003004
287  0.027875  0.003004
288  0.027778  0.003004
289  0.027682  0.003004
290  0.027586  0.003004
291  0.027491  0.003004
292  0.027397  0.003004
293  0.027304  0.003004
294  0.027211  0.003004
295  0.027119  0.003004
296  0.027027  0.003004
297  0.026936  0.003004
298  0.026846  0.003004
299  0.026756  0.003004
300  0.026667  0.003004
301  0.026578  0.003004
302  0.026490  0.003004
303  0.026403  0.003004
304  0.026316  0.003004
305  0.026230  0.003004
306  0.026144  0.003004
307  0.026059  0.003004
308  0.025974  0.003004
309  0.025890  0.003004
310  0.025806  0.003004
311  0.025723  0.003004
312  0.025641  0.003004
313  0.025559  0.003004
314  0.025478  0.003004
315  0.025397  0.003004
316  0.025316  0.003004
317  0.025237  0.003004
318  0.025157  0.003004
319  0.025078  0.003004
320  0.025000  0.003004
321  0.024922  0.003004
322  0.024845  0.003004
323  0.024768  0.003004
324  0.024691  0.003004
325  0.024615  0.003004
326  0.024540  0.003004
327  0.024465  0.003004
328  0.024390  0.003004
329  0.024316  0.003004
330  0.024242  0.003004
331  0.024169  0.003004
332  0.024096  0.003004
333  0.024024  0.003004
334  0.023952  0.003004
335  0.023881  0.003004
336  0.023810  0.003004
337  0.023739  0.003004
338  0.023669  0.003004
339  0.023599  0.003004
340  0.023529  0.003004
341  0.023460  0.003004
342  0.023392  0.003004
343  0.023324  0.003004
344  0.023256  0.003004
345  0.023188  0.003004
346  0.023121  0.003004
347  0.023055  0.003004
348  0.022989  0.003004
349  0.022923  0.003004
350  0.022857  0.003004
351  0.025641  0.003380
352  0.028409  0.003755
353  0.028329  0.003755
354  0.028249  0.003755
355  0.028169  0.003755
356  0.028090  0.003755
357  0.028011  0.003755
358  0.027933  0.003755
359  0.027855  0.003755
360  0.027778  0.003755
361  0.027701  0.003755
362  0.030387  0.004131
363  0.030303  0.004131
364  0.030220  0.004131
365  0.030137  0.004131
366  0.030055  0.004131
367  0.029973  0.004131
368  0.029891  0.004131
369  0.029810  0.004131
370  0.029730  0.004131
371  0.029650  0.004131
372  0.029570  0.004131
373  0.029491  0.004131
374  0.029412  0.004131
375  0.029333  0.004131
376  0.029255  0.004131
377  0.029178  0.004131
378  0.029101  0.004131
379  0.029024  0.004131
380  0.028947  0.004131
381  0.028871  0.004131
382  0.028796  0.004131
383  0.028721  0.004131
384  0.028646  0.004131
385  0.028571  0.004131
386  0.028497  0.004131
387  0.028424  0.004131
388  0.028351  0.004131
389  0.028278  0.004131
390  0.028205  0.004131
391  0.028133  0.004131
392  0.028061  0.004131
393  0.027990  0.004131
394  0.027919  0.004131
395  0.027848  0.004131
396  0.027778  0.004131
397  0.027708  0.004131
398  0.027638  0.004131
399  0.027569  0.004131
400  0.027500  0.004131
401  0.027431  0.004131
402  0.027363  0.004131
403  0.027295  0.004131
404  0.027228  0.004131
405  0.027160  0.004131
406  0.027094  0.004131
407  0.029484  0.004506
408  0.029412  0.004506
409  0.029340  0.004506
410  0.029268  0.004506
411  0.029197  0.004506
412  0.029126  0.004506
413  0.029056  0.004506
414  0.028986  0.004506
415  0.028916  0.004506
416  0.028846  0.004506
417  0.028777  0.004506
418  0.028708  0.004506
419  0.028640  0.004506
420  0.028571  0.004506
421  0.028504  0.004506
422  0.028436  0.004506
423  0.028369  0.004506
424  0.028302  0.004506
425  0.028235  0.004506
426  0.028169  0.004506
427  0.028103  0.004506
428  0.028037  0.004506
429  0.030303  0.004882
430  0.030233  0.004882
431  0.030162  0.004882
432  0.030093  0.004882
433  0.030023  0.004882
434  0.029954  0.004882
435  0.029885  0.004882
436  0.029817  0.004882
437  0.029748  0.004882
438  0.029680  0.004882
439  0.029613  0.004882
440  0.029545  0.004882
441  0.029478  0.004882
442  0.029412  0.004882
443  0.029345  0.004882
444  0.029279  0.004882
445  0.029213  0.004882
446  0.029148  0.004882
447  0.029083  0.004882
448  0.029018  0.004882
449  0.028953  0.004882
450  0.028889  0.004882
451  0.028825  0.004882
452  0.028761  0.004882
453  0.028698  0.004882
454  0.028634  0.004882
455  0.028571  0.004882
456  0.028509  0.004882
457  0.028446  0.004882
458  0.028384  0.004882
459  0.028322  0.004882
460  0.028261  0.004882
461  0.028200  0.004882
462  0.028139  0.004882
463  0.028078  0.004882
464  0.028017  0.004882
465  0.027957  0.004882
466  0.027897  0.004882
467  0.027837  0.004882
468  0.027778  0.004882
469  0.027719  0.004882
470  0.027660  0.004882
471  0.027601  0.004882
472  0.027542  0.004882
473  0.027484  0.004882
474  0.027426  0.004882
475  0.027368  0.004882
476  0.027311  0.004882
477  0.027254  0.004882
478  0.027197  0.004882
479  0.027140  0.004882
480  0.027083  0.004882
481  0.027027  0.004882
482  0.026971  0.004882
483  0.026915  0.004882
484  0.026860  0.004882
485  0.026804  0.004882
486  0.026749  0.004882
487  0.026694  0.004882
488  0.026639  0.004882
489  0.026585  0.004882
490  0.026531  0.004882
491  0.026477  0.004882
492  0.026423  0.004882
493  0.026369  0.004882
494  0.026316  0.004882
495  0.026263  0.004882
496  0.026210  0.004882
497  0.026157  0.004882
498  0.026104  0.004882
499  0.026052  0.004882
500  0.026000  0.004882
