5081	9526	16832	72915	72916	85375	85382	85383	95730	97140	105481	123183	185312	203818	317458	321818	321821	321826	379869	434697	446932	458382	458383	461898	480478	480479	500861	500862	500865	500866	500867	532649
5081	9526	16832	72915	72916	85375	85382	85383	95730	97140	105481	123183	185312	203818	317458	321818	321821	321826	379869	434697	446932	458382	458383	461898	480478	480479	500861	500862	500865	500866	500867	532649
5081	9526	16832	72915	72916	85375	85382	85383	95730	97140	105481	123183	185312	203818	317458	321818	321821	321826	379869	434697	446932	458382	458383	461898	480478	480479	500861	500862	500865	500866	500867	532649
5081	9526	16832	72915	72916	85375	85382	85383	95730	97140	105481	123183	185312	203818	317458	321818	321821	321826	379869	434697	446932	458382	458383	461898	480478	480479	500861	500862	500865	500866	500867	532649
16832	95730	105481	123183	185312	434697	458382	458383	461898
16832	95730	105481	123183	185312	434697	458382	458383	461898
5081	9526	16832	72915	72916	85375	85382	85383	95730	97140	105481	123183	185312	203818	317458	321818	321821	321826	379869	434697	446932	458382	458383	461898	480478	480479	500861	500862	500865	500866	500867	532649
5081	9526	16832	72915	72916	85375	85382	85383	95730	97140	105481	123183	185312	203818	317458	321818	321821	321826	379869	434697	446932	458382	458383	461898	480478	480479	500861	500862	500865	500866	500867	532649
5081	9526	16832	72915	72916	85375	85382	85383	95730	97140	105481	123183	185312	203818	317458	321818	321821	321826	379869	434697	446932	458382	458383	461898	480478	480479	500861	500862	500865	500866	500867	532649
5081	9526	16832	72915	72916	85375	85382	85383	95730	97140	105481	123183	185312	203818	317458	321818	321821	321826	379869	434697	446932	458382	458383	461898	480478	480479	500861	500862	500865	500866	500867	532649
5081	9526	16832	72915	72916	85375	85382	85383	95730	97140	105481	123183	185312	203818	317458	321818	321821	321826	379869	434697	446932	458382	458383	461898	480478	480479	500861	500862	500865	500866	500867	532649
5081	9526	16832	72915	72916	85375	85382	85383	95730	97140	105481	123183	185312	203818	317458	321818	321821	321826	379869	434697	446932	458382	458383	461898	480478	480479	500861	500862	500865	500866	500867	532649
5081	9526	16832	72915	72916	85375	85382	85383	95730	97140	105481	123183	185312	203818	317458	321818	321821	321826	379869	434697	446932	458382	458383	461898	480478	480479	500861	500862	500865	500866	500867	532649
5081	9526	16832	72915	72916	85375	85382	85383	95730	97140	105481	123183	185312	203818	317458	321818	321821	321826	379869	434697	446932	458382	458383	461898	480478	480479	500861	500862	500865	500866	500867	532649
5081	9526	16832	72915	72916	85375	85382	85383	95730	97140	105481	123183	185312	203818	317458	321818	321821	321826	379869	434697	446932	458382	458383	461898	480478	480479	500861	500862	500865	500866	500867	532649
5081	9526	16832	72915	72916	85375	85382	85383	95730	97140	105481	123183	185312	203818	317458	321818	321821	321826	379869	434697	446932	458382	458383	461898	480478	480479	500861	500862	500865	500866	500867	532649
5081	9526	16832	72915	72916	85375	85382	85383	95730	97140	105481	123183	185312	203818	317458	321818	321821	321826	379869	434697	446932	458382	458383	461898	480478	480479	500861	500862	500865	500866	500867	532649
5081	9526	16832	72915	72916	85375	85382	85383	95730	97140	105481	123183	185312	203818	317458	321818	321821	321826	379869	434697	446932	458382	458383	461898	480478	480479	500861	500862	500865	500866	500867	532649
5081	9526	16832	72915	72916	85375	85382	85383	95730	97140	105481	123183	185312	203818	317458	321818	321821	321826	379869	434697	446932	458382	458383	461898	480478	480479	500861	500862	500865	500866	500867	532649
5081	9526	16832	72915	72916	85375	85382	85383	95730	97140	105481	123183	185312	203818	317458	321818	321821	321826	379869	434697	446932	458382	458383	461898	480478	480479	500861	500862	500865	500866	500867	532649
5081	9526	16832	72915	72916	85375	85382	85383	95730	97140	105481	109595	112724	114378	114379	117287	123181	123183	126430	126433	126441	132756	132763	185312	203818	246060	270524	317458	321818	321821	321826	379869	434697	446932	458382	458383	461898	480478	480479	500861	500862	500865	500866	500867	532649	545994	545995	546890	546891