0(535600): 3(23.359702), 4(23.359702), 
1(120959): 
2(95977): 
3(108628): 
4(272795): 3(1.821374), 4(1.821374), 
5(89973): 3(1.820255), 4(1.820255), 
6(454029): 
7(248301): 3(1.823285), 4(1.823285), 
8(297278): 3(0.578954), 4(0.578954), 
9(38185): 0(1.625786), 1(1.625786), 2(1.625786), 3(13.100771), 4(13.100771), 
10(543534): 3(0.579211), 4(0.579211), 
11(528522): 
12(336083): 0(2.043001), 1(2.043001), 2(2.043001), 
13(514297): 
14(104372): 
15(517019): 
16(24076): 
17(446826): 
18(91601): 
19(193691): 
20(154244): 0(0.445891), 1(0.445891), 2(0.445891), 
21(105027): 
22(208626): 0(0.559311), 1(0.559311), 2(0.559311), 
23(116177): 0(0.421386), 1(0.421386), 2(0.421386), 
24(151259): 
25(203972): 
26(44867): 
27(168624): 
28(233933): 
29(257922): 
30(69456): 
