0(122728): 2(0.901300), 
1(467827): 
2(320545): 2(1.426817), 
3(22979): 0(0.753545), 2(2.411936), 
4(13752): 0(17.863479), 2(1.340938), 
5(371837): 0(9.552179), 2(1.705492), 
6(316752): 
7(329817): 1(0.714791), 
8(395752): 0(23.552209), 
9(43798): 2(4.497625), 
10(290347): 
11(459197): 2(2.227572), 
12(13146): 
13(473456): 
14(352817): 1(0.657879), 
15(159929): 0(1.605771), 
16(51660): 0(0.754157), 
17(320761): 0(0.756539), 
18(87311): 1(0.825654), 
19(136953): 1(1.698519), 
20(443545): 
21(298914): 1(0.655924), 
22(225783): 
23(301823): 1(0.825878), 
24(114838): 
25(483004): 
26(202021): 
