iter  precision  recall
1  0.000000  0.000000
2  0.000000  0.000000
3  0.000000  0.000000
4  0.000000  0.000000
5  0.000000  0.000000
6  0.166667  0.000506
7  0.285714  0.001013
8  0.250000  0.001013
9  0.222222  0.001013
10  0.200000  0.001013
11  0.181818  0.001013
12  0.250000  0.001519
13  0.230769  0.001519
14  0.214286  0.001519
15  0.200000  0.001519
16  0.187500  0.001519
17  0.176471  0.001519
18  0.166667  0.001519
19  0.157895  0.001519
20  0.150000  0.001519
21  0.142857  0.001519
22  0.136364  0.001519
23  0.130435  0.001519
24  0.125000  0.001519
25  0.120000  0.001519
26  0.115385  0.001519
27  0.111111  0.001519
28  0.107143  0.001519
29  0.103448  0.001519
30  0.100000  0.001519
31  0.096774  0.001519
32  0.093750  0.001519
33  0.090909  0.001519
34  0.088235  0.001519
35  0.085714  0.001519
36  0.083333  0.001519
37  0.081081  0.001519
38  0.078947  0.001519
39  0.076923  0.001519
40  0.075000  0.001519
41  0.073171  0.001519
42  0.071429  0.001519
43  0.069767  0.001519
44  0.068182  0.001519
45  0.066667  0.001519
46  0.065217  0.001519
47  0.063830  0.001519
48  0.062500  0.001519
49  0.061224  0.001519
50  0.060000  0.001519
51  0.058824  0.001519
52  0.057692  0.001519
53  0.056604  0.001519
54  0.055556  0.001519
55  0.054545  0.001519
56  0.053571  0.001519
57  0.052632  0.001519
58  0.051724  0.001519
59  0.050847  0.001519
60  0.050000  0.001519
61  0.049180  0.001519
62  0.048387  0.001519
63  0.047619  0.001519
64  0.046875  0.001519
65  0.046154  0.001519
66  0.045455  0.001519
67  0.044776  0.001519
68  0.044118  0.001519
69  0.043478  0.001519
70  0.042857  0.001519
71  0.042254  0.001519
72  0.041667  0.001519
73  0.041096  0.001519
74  0.040541  0.001519
75  0.040000  0.001519
76  0.039474  0.001519
77  0.038961  0.001519
78  0.038462  0.001519
79  0.037975  0.001519
80  0.037500  0.001519
81  0.037037  0.001519
82  0.036585  0.001519
83  0.036145  0.001519
84  0.035714  0.001519
85  0.035294  0.001519
86  0.034884  0.001519
87  0.034483  0.001519
88  0.034091  0.001519
89  0.033708  0.001519
90  0.033333  0.001519
91  0.032967  0.001519
92  0.032609  0.001519
93  0.032258  0.001519
94  0.031915  0.001519
95  0.031579  0.001519
96  0.031250  0.001519
97  0.041237  0.002025
98  0.040816  0.002025
99  0.040404  0.002025
100  0.040000  0.002025
101  0.039604  0.002025
102  0.039216  0.002025
103  0.048544  0.002532
104  0.048077  0.002532
105  0.047619  0.002532
106  0.047170  0.002532
107  0.046729  0.002532
108  0.046296  0.002532
109  0.045872  0.002532
110  0.045455  0.002532
111  0.045045  0.002532
112  0.044643  0.002532
113  0.044248  0.002532
114  0.043860  0.002532
115  0.043478  0.002532
116  0.043103  0.002532
117  0.042735  0.002532
118  0.042373  0.002532
119  0.042017  0.002532
120  0.041667  0.002532
121  0.041322  0.002532
122  0.040984  0.002532
123  0.040650  0.002532
124  0.040323  0.002532
125  0.040000  0.002532
126  0.039683  0.002532
127  0.039370  0.002532
128  0.039062  0.002532
129  0.038760  0.002532
130  0.038462  0.002532
131  0.038168  0.002532
132  0.037879  0.002532
133  0.037594  0.002532
134  0.037313  0.002532
135  0.037037  0.002532
136  0.036765  0.002532
137  0.043796  0.003038
138  0.043478  0.003038
139  0.043165  0.003038
140  0.042857  0.003038
141  0.042553  0.003038
142  0.042254  0.003038
143  0.041958  0.003038
144  0.041667  0.003038
145  0.041379  0.003038
146  0.041096  0.003038
147  0.040816  0.003038
148  0.040541  0.003038
149  0.040268  0.003038
150  0.040000  0.003038
151  0.039735  0.003038
152  0.039474  0.003038
153  0.039216  0.003038
154  0.038961  0.003038
155  0.038710  0.003038
156  0.038462  0.003038
157  0.038217  0.003038
158  0.037975  0.003038
159  0.037736  0.003038
160  0.037500  0.003038
161  0.037267  0.003038
162  0.037037  0.003038
163  0.036810  0.003038
164  0.042683  0.003544
165  0.042424  0.003544
166  0.042169  0.003544
167  0.041916  0.003544
168  0.041667  0.003544
169  0.041420  0.003544
170  0.041176  0.003544
171  0.040936  0.003544
172  0.040698  0.003544
173  0.040462  0.003544
174  0.040230  0.003544
175  0.040000  0.003544
176  0.039773  0.003544
177  0.039548  0.003544
178  0.039326  0.003544
179  0.039106  0.003544
180  0.038889  0.003544
181  0.038674  0.003544
182  0.038462  0.003544
183  0.038251  0.003544
184  0.038043  0.003544
185  0.037838  0.003544
186  0.037634  0.003544
187  0.037433  0.003544
188  0.037234  0.003544
189  0.037037  0.003544
190  0.036842  0.003544
191  0.036649  0.003544
192  0.036458  0.003544
193  0.036269  0.003544
194  0.036082  0.003544
195  0.035897  0.003544
196  0.035714  0.003544
197  0.035533  0.003544
198  0.035354  0.003544
199  0.035176  0.003544
200  0.035000  0.003544
201  0.034826  0.003544
202  0.034653  0.003544
203  0.034483  0.003544
204  0.034314  0.003544
205  0.034146  0.003544
206  0.033981  0.003544
207  0.033816  0.003544
208  0.033654  0.003544
209  0.033493  0.003544
210  0.033333  0.003544
211  0.033175  0.003544
212  0.033019  0.003544
213  0.032864  0.003544
214  0.032710  0.003544
215  0.032558  0.003544
216  0.032407  0.003544
217  0.032258  0.003544
218  0.032110  0.003544
219  0.031963  0.003544
220  0.031818  0.003544
221  0.031674  0.003544
222  0.031532  0.003544
223  0.031390  0.003544
224  0.031250  0.003544
225  0.031111  0.003544
226  0.030973  0.003544
227  0.030837  0.003544
228  0.030702  0.003544
229  0.030568  0.003544
230  0.030435  0.003544
231  0.030303  0.003544
232  0.030172  0.003544
233  0.030043  0.003544
234  0.029915  0.003544
235  0.029787  0.003544
236  0.029661  0.003544
237  0.033755  0.004051
238  0.033613  0.004051
239  0.033473  0.004051
240  0.033333  0.004051
241  0.033195  0.004051
242  0.033058  0.004051
243  0.032922  0.004051
244  0.032787  0.004051
245  0.032653  0.004051
246  0.032520  0.004051
247  0.032389  0.004051
248  0.032258  0.004051
249  0.036145  0.004557
250  0.036000  0.004557
251  0.035857  0.004557
252  0.035714  0.004557
253  0.035573  0.004557
254  0.035433  0.004557
255  0.039216  0.005063
256  0.039062  0.005063
257  0.038911  0.005063
258  0.038760  0.005063
259  0.038610  0.005063
260  0.038462  0.005063
261  0.038314  0.005063
262  0.038168  0.005063
263  0.038023  0.005063
264  0.037879  0.005063
265  0.037736  0.005063
266  0.037594  0.005063
267  0.037453  0.005063
268  0.037313  0.005063
269  0.037175  0.005063
270  0.037037  0.005063
271  0.040590  0.005570
272  0.044118  0.006076
273  0.043956  0.006076
274  0.043796  0.006076
275  0.047273  0.006582
276  0.047101  0.006582
277  0.046931  0.006582
278  0.046763  0.006582
279  0.046595  0.006582
280  0.046429  0.006582
281  0.046263  0.006582
282  0.046099  0.006582
283  0.045936  0.006582
284  0.045775  0.006582
285  0.045614  0.006582
286  0.045455  0.006582
287  0.045296  0.006582
288  0.048611  0.007089
289  0.048443  0.007089
290  0.048276  0.007089
291  0.048110  0.007089
292  0.047945  0.007089
293  0.047782  0.007089
294  0.047619  0.007089
295  0.047458  0.007089
296  0.047297  0.007089
297  0.047138  0.007089
298  0.046980  0.007089
299  0.046823  0.007089
300  0.046667  0.007089
301  0.049834  0.007595
302  0.049669  0.007595
303  0.049505  0.007595
304  0.049342  0.007595
305  0.049180  0.007595
306  0.049020  0.007595
307  0.048860  0.007595
308  0.048701  0.007595
309  0.048544  0.007595
310  0.048387  0.007595
311  0.048232  0.007595
312  0.048077  0.007595
313  0.047923  0.007595
314  0.047771  0.007595
315  0.047619  0.007595
316  0.047468  0.007595
317  0.047319  0.007595
318  0.047170  0.007595
319  0.047022  0.007595
320  0.046875  0.007595
321  0.046729  0.007595
322  0.046584  0.007595
323  0.046440  0.007595
324  0.046296  0.007595
325  0.046154  0.007595
326  0.046012  0.007595
327  0.045872  0.007595
328  0.045732  0.007595
329  0.045593  0.007595
330  0.045455  0.007595
331  0.045317  0.007595
332  0.045181  0.007595
333  0.045045  0.007595
334  0.044910  0.007595
335  0.044776  0.007595
336  0.044643  0.007595
337  0.044510  0.007595
338  0.044379  0.007595
339  0.044248  0.007595
340  0.044118  0.007595
341  0.043988  0.007595
342  0.043860  0.007595
343  0.046647  0.008101
344  0.046512  0.008101
345  0.046377  0.008101
346  0.046243  0.008101
347  0.046110  0.008101
348  0.045977  0.008101
349  0.048711  0.008608
350  0.048571  0.008608
351  0.048433  0.008608
352  0.048295  0.008608
353  0.050992  0.009114
354  0.050847  0.009114
355  0.050704  0.009114
356  0.050562  0.009114
357  0.050420  0.009114
358  0.050279  0.009114
359  0.050139  0.009114
360  0.050000  0.009114
361  0.049861  0.009114
362  0.049724  0.009114
363  0.049587  0.009114
364  0.049451  0.009114
365  0.049315  0.009114
366  0.049180  0.009114
367  0.049046  0.009114
368  0.048913  0.009114
369  0.048780  0.009114
370  0.048649  0.009114
371  0.048518  0.009114
372  0.048387  0.009114
373  0.048257  0.009114
374  0.048128  0.009114
375  0.048000  0.009114
376  0.047872  0.009114
377  0.047745  0.009114
378  0.047619  0.009114
379  0.047493  0.009114
380  0.047368  0.009114
381  0.047244  0.009114
382  0.047120  0.009114
383  0.046997  0.009114
384  0.046875  0.009114
385  0.046753  0.009114
386  0.046632  0.009114
387  0.046512  0.009114
388  0.046392  0.009114
389  0.046272  0.009114
390  0.046154  0.009114
391  0.046036  0.009114
392  0.045918  0.009114
393  0.045802  0.009114
394  0.045685  0.009114
395  0.045570  0.009114
396  0.045455  0.009114
397  0.045340  0.009114
398  0.045226  0.009114
399  0.045113  0.009114
400  0.045000  0.009114
401  0.044888  0.009114
402  0.044776  0.009114
403  0.044665  0.009114
404  0.044554  0.009114
405  0.044444  0.009114
406  0.044335  0.009114
407  0.044226  0.009114
408  0.044118  0.009114
409  0.044010  0.009114
410  0.043902  0.009114
411  0.043796  0.009114
412  0.043689  0.009114
413  0.043584  0.009114
414  0.043478  0.009114
415  0.043373  0.009114
416  0.043269  0.009114
417  0.043165  0.009114
418  0.043062  0.009114
419  0.042959  0.009114
420  0.042857  0.009114
421  0.042755  0.009114
422  0.042654  0.009114
423  0.042553  0.009114
424  0.042453  0.009114
425  0.042353  0.009114
426  0.042254  0.009114
427  0.042155  0.009114
428  0.042056  0.009114
429  0.041958  0.009114
430  0.041860  0.009114
431  0.041763  0.009114
432  0.043981  0.009620
433  0.043880  0.009620
434  0.043779  0.009620
435  0.043678  0.009620
436  0.043578  0.009620
437  0.043478  0.009620
438  0.043379  0.009620
439  0.043280  0.009620
440  0.043182  0.009620
441  0.043084  0.009620
442  0.042986  0.009620
443  0.042889  0.009620
444  0.042793  0.009620
445  0.042697  0.009620
446  0.042601  0.009620
447  0.042506  0.009620
448  0.044643  0.010127
449  0.044543  0.010127
450  0.044444  0.010127
451  0.044346  0.010127
452  0.044248  0.010127
453  0.044150  0.010127
454  0.044053  0.010127
455  0.043956  0.010127
456  0.043860  0.010127
457  0.043764  0.010127
458  0.043668  0.010127
459  0.045752  0.010633
460  0.045652  0.010633
461  0.045553  0.010633
462  0.045455  0.010633
463  0.045356  0.010633
464  0.045259  0.010633
465  0.045161  0.010633
466  0.045064  0.010633
467  0.044968  0.010633
468  0.044872  0.010633
469  0.044776  0.010633
470  0.046809  0.011139
471  0.046709  0.011139
472  0.046610  0.011139
473  0.046512  0.011139
474  0.046414  0.011139
475  0.046316  0.011139
476  0.046218  0.011139
477  0.046122  0.011139
478  0.046025  0.011139
479  0.045929  0.011139
480  0.045833  0.011139
481  0.045738  0.011139
482  0.045643  0.011139
483  0.045549  0.011139
484  0.045455  0.011139
485  0.047423  0.011646
486  0.047325  0.011646
487  0.047228  0.011646
488  0.047131  0.011646
489  0.047035  0.011646
490  0.046939  0.011646
491  0.046843  0.011646
492  0.046748  0.011646
493  0.046653  0.011646
494  0.048583  0.012152
495  0.048485  0.012152
496  0.048387  0.012152
497  0.048290  0.012152
498  0.048193  0.012152
499  0.048096  0.012152
500  0.048000  0.012152
