iter  AnomalyNodeRemoved  LL
0 NA -830733.939064
1 401537 -830627.570284
2 28994 -830548.294820
3 98470 -830440.986623
4 507406 -830405.519441
5 515284 -830341.526061
6 36635 -830261.599763
7 517691 -830224.647693
8 401397 -830125.332954
9 39501 -829818.495907
10 55299 -829726.328299
11 495314 -829630.192998
12 227952 -829567.667546
13 273732 -829387.462334
14 36257 -829347.559807
15 261927 -829307.677472
16 384990 -829088.345264
17 524495 -829068.406156
18 354279 -829028.528089
19 170305 -828988.650037
20 323272 -828928.832975
21 385644 -828908.893952
22 311585 -828869.015912
23 535003 -828829.137870
24 260296 -828789.259828
25 187715 -828510.113562
26 447215 -827971.760051
27 456791 -827892.003964
28 456926 -827852.125911
29 100795 -827812.247848
30 98734 -827792.308779
31 309136 -827772.369646
32 422761 -827692.613220
33 229707 -827592.916791
34 339596 -827473.282667
35 401272 -827373.587571
36 213072 -827333.709533
37 62193 -827293.831496
38 539471 -827273.892477
39 175147 -827134.319346
40 256901 -827074.502290
41 96253 -827034.624253
42 7479 -827014.685234
43 299986 -826994.746215
44 160470 -826914.990141
45 383005 -826875.112103
46 346779 -826815.295047
47 471108 -826795.356028
48 499262 -826735.538972
49 287717 -826715.599954
50 36286 -826675.721916
51 128128 -826595.965841
52 137289 -826476.331729
53 385307 -826396.575654
54 174159 -826257.002524
55 405989 -826237.063505
56 329684 -826197.185468
57 458850 -826017.734299
58 142310 -825918.039206
59 190337 -825718.649019
60 527136 -825539.197851
61 434725 -824821.393177
62 509360 -824761.576121
63 489399 -824701.759065
64 341392 -823964.015374
65 119092 -823924.137336
66 237249 -823864.320280
67 310096 -823824.442243
68 178061 -823066.759532
69 297126 -822169.503691
70 387584 -822089.747616
71 212245 -821790.662336
72 184803 -821471.638037
73 222181 -821352.003924
74 193534 -821132.674719
75 85941 -821112.735700
76 172940 -820953.223550
77 49330 -820933.284532
78 177681 -820913.345513
79 242068 -820893.406494
80 439133 -820793.711401
81 413495 -820773.772382
82 463382 -820753.833363
83 280526 -820733.894345
84 543477 -820713.955326
85 390233 -820674.077289
86 78667 -820554.443177
87 36724 -820474.687102
88 145825 -820434.809064
89 9481 -820394.931027
90 225214 -820374.992008
91 485546 -820295.235933
92 44421 -820275.296915
93 29765 -820235.418877
94 412275 -820215.479859
95 92751 -820095.845747
96 542266 -820075.906728
97 489479 -820055.967709
98 242419 -819936.333597
99 189047 -819876.516541
100 22105 -819717.004391
101 273630 -819597.370279
102 315737 -819457.797148
103 219757 -819437.858130
104 264947 -819397.980092
105 221400 -819378.041073
106 226872 -819338.163036
107 144350 -819218.528924
108 115939 -819198.589905
109 375034 -819138.772849
110 415749 -819098.894812
111 280811 -819078.955793
112 456157 -818999.199718
113 138814 -818899.504625
114 445223 -818759.931494
115 153649 -818700.114438
116 317550 -818620.358363
117 405821 -818600.419344
118 388671 -818520.663270
119 326926 -818460.846213
120 123773 -818401.029157
121 208689 -818301.334064
122 508012 -818221.577989
123 373876 -817822.797615
124 178424 -817643.346447
125 160687 -817563.590372
126 137654 -817543.651353
127 488830 -817483.834297
128 193213 -817463.895279
129 487637 -817443.956260
130 288680 -817424.017241
131 224446 -817324.322148
132 88707 -817284.444110
133 8480 -817184.749017
134 516400 -817164.809998
135 244810 -817104.992942
136 538738 -817065.114905
137 21948 -817045.175886
138 368715 -817025.236867
139 299104 -816945.480793
140 514472 -816845.785699
141 419602 -816746.090606
142 235456 -816706.212568
143 40435 -816686.273549
144 130876 -816606.517475
145 112877 -816566.639437
146 141390 -816526.761400
147 148529 -816466.944344
148 350328 -816447.005325
149 209444 -816347.310232
150 462507 -816247.615138
151 315662 -816167.859063
152 210290 -816068.163970
153 91714 -816048.224951
154 392965 -815988.407895
155 118378 -815609.566540
156 505955 -815390.237334
157 269505 -815230.725185
158 427828 -815131.030091
159 52404 -815051.274016
160 440430 -814871.822848
161 62862 -814831.944811
162 238683 -814792.066773
163 330818 -814772.127755
164 137681 -814692.371680
165 446046 -814632.554624
166 392532 -814592.676586
167 494859 -814572.737568
168 468652 -814552.798549
169 425681 -814473.042474
170 96907 -814253.713269
171 164600 -814114.140138
172 279570 -813695.420745
173 183511 -813436.213502
174 501638 -813396.335465
175 528165 -813356.457427
176 484673 -813137.128222
177 539232 -813077.311165
178 89833 -813057.372147
179 150179 -812937.738035
180 113230 -812877.920978
181 468850 -812818.103922
182 460513 -812778.225885
183 415175 -812698.469810
184 494761 -812419.323548
185 166310 -812199.994343
186 13538 -812160.116305
187 97881 -812020.543175
188 1923 -811920.848081
189 361245 -811841.092006
190 396342 -811641.701819
191 493255 -811502.128688
192 479186 -811422.372614
193 463338 -811322.677520
194 284874 -811103.348315
195 514870 -811043.531258
196 83397 -810923.897146
197 537332 -810624.811866
198 428240 -810505.177754
199 123979 -810445.360698
200 66936 -810385.543641
201 533476 -810365.604623
202 449805 -810245.970511
203 316320 -810206.092473
204 527373 -810186.153455
205 355064 -809946.885230
206 330358 -809887.068174
207 4100 -809867.129155
208 140238 -809767.434062
209 389161 -809707.617006
210 165136 -809687.677987
211 540514 -809667.738968
212 450493 -809607.921912
213 485674 -809548.104856
214 217238 -809508.226819
215 489747 -809488.287800
216 413483 -809468.348781
217 438357 -809448.409763
218 206974 -809368.653688
219 188370 -809308.836632
220 281659 -809249.019576
221 234206 -809169.263501
222 267303 -809009.751351
223 437284 -808969.873314
224 409746 -808949.934295
225 409745 -808790.422146
226 518201 -808770.483127
227 538241 -808750.544108
228 225802 -808730.605090
229 520822 -808710.666071
230 248259 -808690.727052
231 169828 -808650.849015
232 516985 -808610.970978
233 498550 -808551.153921
234 336101 -808511.275884
235 364542 -808491.336865
236 30310 -808431.519809
237 509793 -808411.580791
238 115014 -808351.763734
239 308701 -808291.946678
240 217605 -808272.007660
241 411245 -808232.129622
242 426556 -808192.251585
243 184356 -807952.983361
244 223693 -807853.288267
245 338825 -807793.471211
246 422248 -807554.202987
247 271036 -807035.788501
248 52709 -806716.764201
249 12328 -806656.947145
250 487204 -806597.130089
251 212230 -806577.191071
252 417011 -806557.252052
253 299960 -806497.434996
254 273361 -806357.861865
255 329040 -806278.105790
256 431721 -806218.288734
257 229291 -806178.410697
258 254036 -806138.532659
259 227495 -806118.593640
260 50083 -806058.776584
261 452384 -805998.959528
262 521815 -805899.264435
263 124215 -805819.508360
264 181244 -805739.752285
265 223508 -805699.874248
266 223218 -805600.179154
267 45953 -805540.362098
268 164238 -805460.606024
269 405478 -805420.727986
270 36884 -805400.788967
271 228862 -805360.910930
272 247512 -805321.032893
273 168919 -805281.154855
274 14538 -805221.337799
275 411258 -805201.398780
276 254163 -805081.764668
277 350181 -805002.008594
278 450 -804942.191537
279 207886 -804922.252519
280 61447 -804762.740369
281 544009 -804742.801350
282 396131 -804702.923313
283 113844 -804682.984294
284 190588 -804643.106257
285 320010 -804623.167238
286 187782 -804543.411164
287 248999 -804523.472145
288 361737 -804503.533126
289 125323 -804443.716070
290 544408 -804363.959995
291 202734 -804224.386864
292 236387 -804104.752752
293 181232 -804005.057659
294 189018 -803925.301584
295 443096 -803825.606490
296 359597 -803805.667472
297 340993 -803765.789434
298 315159 -803725.911397
299 518010 -803626.216303
300 369405 -803586.338266
301 460598 -803566.399247
302 213512 -803526.521210
303 151973 -803506.582191
304 151972 -803466.704154
305 363752 -803446.765135
306 455753 -803406.887098
307 510581 -803167.618873
308 32984 -803028.045743
309 57452 -802888.472612
310 432929 -802748.899481
311 271961 -802689.082425
312 484774 -802629.265369
313 436155 -802529.570275
314 86175 -802469.753219
315 82296 -802370.058126
316 12451 -802310.241070
317 477300 -802270.363032
318 73444 -802230.484995
319 515517 -802210.545976
320 110272 -801991.216770
321 502805 -801931.399714
322 480784 -801911.460696
323 525968 -801891.521677
324 313888 -801871.582658
325 128723 -801811.765602
326 538616 -801791.826583
327 250176 -801672.192471
328 254243 -801592.436396
329 454561 -801532.619340
330 462559 -801492.741303
331 266676 -801472.802284
332 352440 -801412.985228
333 253379 -801373.107191
334 57415 -801313.290135
335 335665 -801273.412097
336 5343 -801213.595041
337 367357 -801173.717004
338 391225 -800974.326817
339 484517 -800954.387798
340 3687 -800934.448779
341 507862 -800834.753686
342 543117 -800814.814667
343 258545 -800794.875649
344 414497 -800754.997611
345 526119 -800655.302518
346 200769 -800635.363499
347 118233 -800336.278219
348 129793 -800256.522144
349 217981 -800176.766069
350 162849 -800097.009994
351 421154 -800077.070976
352 16263 -800037.192938
353 458860 -799997.314901
354 511166 -799977.375882
355 522017 -799937.497845
356 534457 -799837.802751
357 121673 -799718.168639
358 57001 -799638.412564
359 433912 -799578.595508
360 234939 -799538.717471
361 197783 -799419.083359
362 370789 -799379.205321
363 540610 -799339.327284
364 385929 -799319.388265
365 221048 -799299.449246
366 322589 -799219.693172
367 62045 -799060.181022
368 173172 -798980.424947
369 412293 -798960.485929
370 411082 -798920.607891
371 118578 -798860.790835
372 356245 -798800.973779
373 360811 -798741.156723
374 15833 -798661.400648
375 49383 -798541.766536
376 528434 -798462.010461
377 80651 -798442.071442
378 251446 -798402.193405
379 524456 -798342.376349
380 254655 -798322.437330
381 407393 -798242.681256
382 307662 -798222.742237
383 225412 -798202.803218
384 421625 -798182.864199
385 156415 -798103.108125
386 531909 -797804.022844
387 152623 -797465.059526
388 246707 -797146.035227
389 172515 -796846.949947
390 87123 -796827.010928
391 137723 -796587.742704
392 59948 -796507.986629
393 492752 -796488.047610
394 525251 -796428.230554
395 430755 -796308.596442
396 16126 -796268.718405
397 125505 -796228.840367
398 161864 -796149.084292
399 230423 -796129.145274
400 186992 -796109.206255
401 242773 -796089.267236
402 108191 -796069.328218
403 47238 -795929.755087
404 489007 -795869.938031
405 523269 -795770.242937
406 63606 -795730.364900
407 360348 -795690.486862
408 121835 -795610.730788
409 276973 -795550.913732
410 136133 -795411.340601
411 140739 -795291.706488
412 241353 -795192.011395
413 454366 -795092.316302
414 487092 -795052.438264
415 335835 -795012.560227
416 287357 -794992.621208
417 155207 -794932.804152
418 500441 -794813.170040
419 14606 -794773.292002
420 124965 -794673.596909
421 337833 -794633.718872
422 68582 -794613.779853
423 303678 -794593.840834
424 195208 -794573.901815
425 310612 -794274.816535
426 516879 -794035.548311
427 430260 -793995.670273
428 52672 -793975.731255
429 199417 -793955.792236
430 131670 -793915.914198
431 138556 -793876.036161
432 267009 -793796.280086
433 270700 -793716.524011
434 366783 -793696.584993
435 335523 -793676.645974
436 373267 -793596.889899
437 295312 -793557.011862
438 137614 -793437.377750
439 127536 -793337.682656
440 518323 -793257.926581
441 152979 -793237.987563
442 272828 -793218.048544
443 284186 -793198.109525
444 475451 -793158.231488
445 188809 -793058.536395
446 312644 -792899.024245
447 495207 -792859.146208
448 500478 -792839.207189
449 61250 -792739.512095
450 102759 -792679.695039
451 511871 -792599.938965
452 523316 -792420.487796
453 375874 -792300.853684
454 61298 -792201.158591
455 214510 -792041.646441
456 507764 -791902.073310
457 273680 -791802.378217
458 7057 -791782.439198
459 281351 -791742.561161
460 283489 -791722.622142
461 55571 -791642.866067
462 125158 -791622.927048
463 142391 -791503.292936
464 185271 -791443.475880
465 180435 -791064.634525
466 369171 -791004.817469
467 516237 -790905.122375
468 404509 -790845.305319
469 392926 -790825.366301
470 139543 -790805.427282
471 143530 -790785.488263
472 517392 -790645.915132
473 142474 -790625.976114
474 94368 -790586.098076
475 507498 -790566.159058
476 445051 -790546.220039
477 448667 -790526.281020
478 319448 -790506.342001
479 289267 -790346.829852
480 420562 -790007.866534
481 331535 -789888.232422
482 115428 -789648.964197
483 48611 -789349.878917
484 205878 -789329.939898
485 494550 -789290.061861
486 8504 -789130.549711
487 474086 -789010.915599
488 60785 -788971.037562
489 415595 -788911.220506
490 108836 -788891.281487
491 153106 -788871.342468
492 360758 -788851.403450
493 155 -788811.525412
494 341904 -788791.586394
495 150845 -788711.830319
496 316488 -788652.013263
497 517927 -788532.379150
498 162950 -788452.623076
499 242970 -788372.867001
500 191789 -788352.927982
