iter  precision  recall
1  0.000000  0.000000
2  0.000000  0.000000
3  0.000000  0.000000
4  0.000000  0.000000
5  0.000000  0.000000
6  0.000000  0.000000
7  0.000000  0.000000
8  0.000000  0.000000
9  0.000000  0.000000
10  0.000000  0.000000
11  0.000000  0.000000
12  0.000000  0.000000
13  0.000000  0.000000
14  0.000000  0.000000
15  0.000000  0.000000
16  0.000000  0.000000
17  0.000000  0.000000
18  0.000000  0.000000
19  0.000000  0.000000
20  0.000000  0.000000
21  0.000000  0.000000
22  0.000000  0.000000
23  0.000000  0.000000
24  0.000000  0.000000
25  0.000000  0.000000
26  0.000000  0.000000
27  0.000000  0.000000
28  0.000000  0.000000
29  0.000000  0.000000
30  0.000000  0.000000
31  0.000000  0.000000
32  0.000000  0.000000
33  0.000000  0.000000
34  0.000000  0.000000
35  0.000000  0.000000
36  0.000000  0.000000
37  0.000000  0.000000
38  0.000000  0.000000
39  0.000000  0.000000
40  0.000000  0.000000
41  0.000000  0.000000
42  0.000000  0.000000
43  0.000000  0.000000
44  0.000000  0.000000
45  0.000000  0.000000
46  0.000000  0.000000
47  0.000000  0.000000
48  0.020833  0.000506
49  0.020408  0.000506
50  0.020000  0.000506
51  0.019608  0.000506
52  0.019231  0.000506
53  0.018868  0.000506
54  0.018519  0.000506
55  0.018182  0.000506
56  0.017857  0.000506
57  0.017544  0.000506
58  0.017241  0.000506
59  0.033898  0.001013
60  0.033333  0.001013
61  0.032787  0.001013
62  0.032258  0.001013
63  0.031746  0.001013
64  0.031250  0.001013
65  0.030769  0.001013
66  0.030303  0.001013
67  0.029851  0.001013
68  0.029412  0.001013
69  0.028986  0.001013
70  0.028571  0.001013
71  0.028169  0.001013
72  0.027778  0.001013
73  0.027397  0.001013
74  0.027027  0.001013
75  0.026667  0.001013
76  0.026316  0.001013
77  0.025974  0.001013
78  0.025641  0.001013
79  0.025316  0.001013
80  0.025000  0.001013
81  0.024691  0.001013
82  0.024390  0.001013
83  0.024096  0.001013
84  0.023810  0.001013
85  0.023529  0.001013
86  0.023256  0.001013
87  0.022989  0.001013
88  0.022727  0.001013
89  0.022472  0.001013
90  0.022222  0.001013
91  0.021978  0.001013
92  0.021739  0.001013
93  0.021505  0.001013
94  0.021277  0.001013
95  0.021053  0.001013
96  0.020833  0.001013
97  0.020619  0.001013
98  0.020408  0.001013
99  0.030303  0.001519
100  0.040000  0.002025
101  0.039604  0.002025
102  0.039216  0.002025
103  0.038835  0.002025
104  0.038462  0.002025
105  0.038095  0.002025
106  0.047170  0.002532
107  0.046729  0.002532
108  0.046296  0.002532
109  0.045872  0.002532
110  0.054545  0.003038
111  0.054054  0.003038
112  0.053571  0.003038
113  0.053097  0.003038
114  0.061404  0.003544
115  0.060870  0.003544
116  0.060345  0.003544
117  0.059829  0.003544
118  0.059322  0.003544
119  0.058824  0.003544
120  0.058333  0.003544
121  0.057851  0.003544
122  0.065574  0.004051
123  0.065041  0.004051
124  0.064516  0.004051
125  0.064000  0.004051
126  0.071429  0.004557
127  0.070866  0.004557
128  0.070312  0.004557
129  0.077519  0.005063
130  0.076923  0.005063
131  0.076336  0.005063
132  0.083333  0.005570
133  0.082707  0.005570
134  0.082090  0.005570
135  0.088889  0.006076
136  0.088235  0.006076
137  0.087591  0.006076
138  0.086957  0.006076
139  0.086331  0.006076
140  0.092857  0.006582
141  0.092199  0.006582
142  0.098592  0.007089
143  0.097902  0.007089
144  0.097222  0.007089
145  0.096552  0.007089
146  0.095890  0.007089
147  0.095238  0.007089
148  0.094595  0.007089
149  0.093960  0.007089
150  0.093333  0.007089
151  0.099338  0.007595
152  0.098684  0.007595
153  0.098039  0.007595
154  0.097403  0.007595
155  0.096774  0.007595
156  0.096154  0.007595
157  0.095541  0.007595
158  0.094937  0.007595
159  0.094340  0.007595
160  0.093750  0.007595
161  0.093168  0.007595
162  0.092593  0.007595
163  0.092025  0.007595
164  0.091463  0.007595
165  0.090909  0.007595
166  0.090361  0.007595
167  0.095808  0.008101
168  0.095238  0.008101
169  0.094675  0.008101
170  0.094118  0.008101
171  0.093567  0.008101
172  0.093023  0.008101
173  0.092486  0.008101
174  0.097701  0.008608
175  0.097143  0.008608
176  0.096591  0.008608
177  0.096045  0.008608
178  0.095506  0.008608
179  0.094972  0.008608
180  0.094444  0.008608
181  0.093923  0.008608
182  0.098901  0.009114
183  0.098361  0.009114
184  0.103261  0.009620
185  0.102703  0.009620
186  0.102151  0.009620
187  0.101604  0.009620
188  0.106383  0.010127
189  0.105820  0.010127
190  0.105263  0.010127
191  0.104712  0.010127
192  0.104167  0.010127
193  0.103627  0.010127
194  0.103093  0.010127
195  0.102564  0.010127
196  0.102041  0.010127
197  0.101523  0.010127
198  0.106061  0.010633
199  0.105528  0.010633
200  0.105000  0.010633
201  0.104478  0.010633
202  0.108911  0.011139
203  0.108374  0.011139
204  0.107843  0.011139
205  0.107317  0.011139
206  0.106796  0.011139
207  0.111111  0.011646
208  0.110577  0.011646
209  0.110048  0.011646
210  0.109524  0.011646
211  0.109005  0.011646
212  0.113208  0.012152
213  0.112676  0.012152
214  0.112150  0.012152
215  0.116279  0.012658
216  0.120370  0.013165
217  0.124424  0.013671
218  0.123853  0.013671
219  0.123288  0.013671
220  0.127273  0.014177
221  0.126697  0.014177
222  0.126126  0.014177
223  0.125561  0.014177
224  0.125000  0.014177
225  0.124444  0.014177
226  0.128319  0.014684
227  0.127753  0.014684
228  0.131579  0.015190
229  0.131004  0.015190
230  0.130435  0.015190
231  0.134199  0.015696
232  0.133621  0.015696
233  0.133047  0.015696
234  0.132479  0.015696
235  0.131915  0.015696
236  0.131356  0.015696
237  0.135021  0.016203
238  0.134454  0.016203
239  0.138075  0.016709
240  0.137500  0.016709
241  0.141079  0.017215
242  0.144628  0.017722
243  0.144033  0.017722
244  0.143443  0.017722
245  0.142857  0.017722
246  0.142276  0.017722
247  0.141700  0.017722
248  0.141129  0.017722
249  0.140562  0.017722
250  0.140000  0.017722
251  0.143426  0.018228
252  0.142857  0.018228
253  0.142292  0.018228
254  0.141732  0.018228
255  0.141176  0.018228
256  0.144531  0.018734
257  0.143969  0.018734
258  0.143411  0.018734
259  0.146718  0.019241
260  0.150000  0.019747
261  0.149425  0.019747
262  0.152672  0.020253
263  0.152091  0.020253
264  0.151515  0.020253
265  0.150943  0.020253
266  0.150376  0.020253
267  0.153558  0.020759
268  0.156716  0.021266
269  0.156134  0.021266
270  0.155556  0.021266
271  0.154982  0.021266
272  0.158088  0.021772
273  0.157509  0.021772
274  0.156934  0.021772
275  0.156364  0.021772
276  0.155797  0.021772
277  0.155235  0.021772
278  0.158273  0.022278
279  0.157706  0.022278
280  0.157143  0.022278
281  0.160142  0.022785
282  0.163121  0.023291
283  0.162544  0.023291
284  0.161972  0.023291
285  0.161404  0.023291
286  0.164336  0.023797
287  0.163763  0.023797
288  0.163194  0.023797
289  0.162630  0.023797
290  0.162069  0.023797
291  0.161512  0.023797
292  0.160959  0.023797
293  0.160410  0.023797
294  0.163265  0.024304
295  0.162712  0.024304
296  0.162162  0.024304
297  0.161616  0.024304
298  0.164430  0.024810
299  0.163880  0.024810
300  0.163333  0.024810
301  0.162791  0.024810
302  0.165563  0.025316
303  0.165017  0.025316
304  0.164474  0.025316
305  0.163934  0.025316
306  0.163399  0.025316
307  0.162866  0.025316
308  0.165584  0.025823
309  0.165049  0.025823
310  0.164516  0.025823
311  0.163987  0.025823
312  0.163462  0.025823
313  0.166134  0.026329
314  0.165605  0.026329
315  0.165079  0.026329
316  0.167722  0.026835
317  0.167192  0.026835
318  0.166667  0.026835
319  0.166144  0.026835
320  0.165625  0.026835
321  0.165109  0.026835
322  0.164596  0.026835
323  0.164087  0.026835
324  0.163580  0.026835
325  0.163077  0.026835
326  0.162577  0.026835
327  0.162080  0.026835
328  0.164634  0.027342
329  0.167173  0.027848
330  0.166667  0.027848
331  0.166163  0.027848
332  0.168675  0.028354
333  0.168168  0.028354
334  0.170659  0.028861
335  0.173134  0.029367
336  0.172619  0.029367
337  0.172107  0.029367
338  0.171598  0.029367
339  0.171091  0.029367
340  0.173529  0.029873
341  0.173021  0.029873
342  0.172515  0.029873
343  0.172012  0.029873
344  0.171512  0.029873
345  0.171014  0.029873
346  0.170520  0.029873
347  0.170029  0.029873
348  0.169540  0.029873
349  0.169054  0.029873
350  0.171429  0.030380
351  0.170940  0.030380
352  0.170455  0.030380
353  0.169972  0.030380
354  0.169492  0.030380
355  0.171831  0.030886
356  0.171348  0.030886
357  0.170868  0.030886
358  0.170391  0.030886
359  0.169916  0.030886
360  0.169444  0.030886
361  0.168975  0.030886
362  0.168508  0.030886
363  0.168044  0.030886
364  0.167582  0.030886
365  0.167123  0.030886
366  0.166667  0.030886
367  0.168937  0.031392
368  0.168478  0.031392
369  0.168022  0.031392
370  0.167568  0.031392
371  0.169811  0.031899
372  0.169355  0.031899
373  0.168901  0.031899
374  0.171123  0.032405
375  0.173333  0.032911
376  0.172872  0.032911
377  0.172414  0.032911
378  0.171958  0.032911
379  0.174142  0.033418
380  0.173684  0.033418
381  0.173228  0.033418
382  0.175393  0.033924
383  0.174935  0.033924
384  0.174479  0.033924
385  0.174026  0.033924
386  0.173575  0.033924
387  0.173127  0.033924
388  0.172680  0.033924
389  0.174807  0.034430
390  0.174359  0.034430
391  0.176471  0.034937
392  0.178571  0.035443
393  0.178117  0.035443
394  0.177665  0.035443
395  0.177215  0.035443
396  0.176768  0.035443
397  0.176322  0.035443
398  0.178392  0.035949
399  0.177945  0.035949
400  0.180000  0.036456
401  0.179551  0.036456
402  0.179104  0.036456
403  0.178660  0.036456
404  0.180693  0.036962
405  0.180247  0.036962
406  0.179803  0.036962
407  0.179361  0.036962
408  0.178922  0.036962
409  0.178484  0.036962
410  0.178049  0.036962
411  0.180049  0.037468
412  0.179612  0.037468
413  0.181598  0.037975
414  0.183575  0.038481
415  0.185542  0.038987
416  0.185096  0.038987
417  0.184652  0.038987
418  0.184211  0.038987
419  0.186158  0.039494
420  0.188095  0.040000
421  0.187648  0.040000
422  0.187204  0.040000
423  0.189125  0.040506
424  0.188679  0.040506
425  0.190588  0.041013
426  0.190141  0.041013
427  0.192037  0.041519
428  0.191589  0.041519
429  0.191142  0.041519
430  0.190698  0.041519
431  0.190255  0.041519
432  0.189815  0.041519
433  0.189376  0.041519
434  0.188940  0.041519
435  0.188506  0.041519
436  0.188073  0.041519
437  0.187643  0.041519
438  0.187215  0.041519
439  0.186788  0.041519
440  0.188636  0.042025
441  0.188209  0.042025
442  0.187783  0.042025
443  0.187359  0.042025
444  0.189189  0.042532
445  0.188764  0.042532
446  0.188341  0.042532
447  0.187919  0.042532
448  0.187500  0.042532
449  0.187082  0.042532
450  0.188889  0.043038
451  0.188470  0.043038
452  0.188053  0.043038
453  0.187638  0.043038
454  0.189427  0.043544
455  0.191209  0.044051
456  0.192982  0.044557
457  0.192560  0.044557
458  0.192140  0.044557
459  0.191721  0.044557
460  0.191304  0.044557
461  0.190889  0.044557
462  0.190476  0.044557
463  0.190065  0.044557
464  0.189655  0.044557
465  0.189247  0.044557
466  0.188841  0.044557
467  0.190578  0.045063
468  0.192308  0.045570
469  0.194030  0.046076
470  0.195745  0.046582
471  0.197452  0.047089
472  0.197034  0.047089
473  0.198732  0.047595
474  0.198312  0.047595
475  0.197895  0.047595
476  0.199580  0.048101
477  0.201258  0.048608
478  0.200837  0.048608
479  0.200418  0.048608
480  0.200000  0.048608
481  0.201663  0.049114
482  0.201245  0.049114
483  0.200828  0.049114
484  0.200413  0.049114
485  0.200000  0.049114
486  0.199588  0.049114
487  0.199179  0.049114
488  0.198770  0.049114
489  0.198364  0.049114
490  0.197959  0.049114
491  0.197556  0.049114
492  0.197154  0.049114
493  0.196755  0.049114
494  0.198381  0.049620
495  0.197980  0.049620
496  0.199597  0.050127
497  0.199195  0.050127
498  0.198795  0.050127
499  0.198397  0.050127
500  0.198000  0.050127
