0(254963): 2(0.315834), 
1(228082): 
2(301483): 2(1.808581), 
3(183231): 
4(206540): 2(0.249496), 
5(327922): 
6(226389): 
7(77009): 
8(403540): 
9(333085): 
10(75848): 1(1.992233), 
11(475036): 1(2.310571), 
12(158327): 1(2.300886), 
13(189882): 
14(81790): 2(0.784989), 
15(11915): 2(4.890474), 
16(36802): 0(1.614771), 2(2.993952), 
17(131043): 2(0.540221), 
18(41015): 
19(504629): 
20(482169): 
21(394515): 
22(179221): 
23(465919): 
24(110425): 0(0.344664), 
25(334588): 
26(396362): 1(3.049706), 
27(104366): 1(2.522213), 
28(448): 1(4.040704), 
29(28123): 1(2.230259), 
30(44008): 
31(471848): 1(0.852546), 
32(544416): 
33(515094): 0(0.260068), 
34(155663): 0(1.159374), 
35(135115): 0(0.404799), 
36(326481): 0(7.131348), 
37(15922): 0(1.734895), 
38(362528): 1(0.255588), 
39(467401): 
40(449691): 
41(389968): 1(0.255499), 
42(485055): 
43(114138): 1(0.255536), 
44(168181): 
45(321910): 
46(529820): 
47(55701): 1(0.252955), 
48(392186): 
49(2117): 1(0.254301), 
50(488416): 
51(491851): 1(0.233693), 
52(338300): 
53(260305): 
54(271148): 
55(366149): 
56(347419): 
57(170021): 
58(547506): 
59(130042): 
60(455467): 1(0.252921), 
61(152512): 
62(416364): 
63(106397): 2(1.758056), 
64(149579): 2(0.311388), 
65(146401): 
66(42516): 
67(354715): 
68(270024): 
69(310488): 2(0.277113), 
70(546224): 
71(111550): 
72(95258): 
73(89918): 2(0.247654), 
74(421373): 
75(98343): 
76(498651): 
77(301682): 0(0.808777), 
78(325493): 
79(79705): 
80(104350): 
81(328951): 
82(389791): 
83(344483): 
84(397448): 2(0.277281), 
85(135409): 0(0.238783), 2(2.749156), 
86(66017): 
87(499716): 2(0.304692), 
88(286536): 
89(349627): 
90(416018): 2(0.247765), 
91(463529): 
92(259788): 0(0.337529), 
93(433792): 0(4.222246), 
94(368498): 0(3.174127), 
95(162974): 
96(403346): 
97(209915): 
98(427277): 
99(154146): 
100(13589): 0(0.337585), 
101(544279): 0(0.322384), 
102(175213): 0(0.322364), 
103(70230): 
104(535908): 
105(477664): 0(0.260072), 
106(40326): 
107(524779): 0(0.308442), 
108(79419): 0(0.257439), 
109(56913): 0(0.251434), 
110(86150): 0(0.294006), 
111(325745): 0(0.330089), 
112(391539): 0(0.507042), 
113(485524): 0(0.270178), 
114(413490): 0(0.248000), 
115(155025): 
116(131874): 
117(525658): 1(0.259765), 
118(519832): 
119(338709): 
120(56684): 1(0.259499), 
121(81042): 
122(334420): 
123(121361): 
124(203546): 1(0.259508), 
125(80796): 
126(52713): 
127(520877): 
128(410087): 
129(397575): 
130(216697): 
131(375133): 
132(154321): 
133(75762): 
134(383321): 
