0 110557
1 486332
2 354111
3 434715
4 295118
5 312723
6 257412
7 127536
8 518323
9 152979
10 10064
11 205597
12 250213
13 243864
14 431076
15 450500
16 285643
17 368631
18 378785
19 466832
20 110416
21 288779
22 17023
23 182543
24 299682
25 125825
26 264194
27 490115
28 483647
29 58915
30 186111
31 516354
32 453437
33 72662
34 262114
35 30597
36 434917
37 529823
38 492555
39 183432
40 286589
41 475566
42 93401
43 117548
44 520574
45 135059
46 54908
47 530846
48 504513
49 389997
50 451582
51 151824
52 280180
53 239629
54 51078
55 408212
56 326852
57 154141
58 155537
59 428543
60 427671
61 84708
62 15289
63 160661
64 72043
65 407014
66 412976
67 240213
68 147912
69 88581
70 61963
71 407300
72 519271
73 548482
74 463139
75 346179
76 242887
77 503909
78 390146
79 520048
80 9649
81 206591
82 165040
83 208097
84 501043
85 101974
86 540798
87 45782
88 523267
89 54949
90 440865
91 145542
92 291528
93 515526
94 410695
95 383111
96 223555
97 302476
98 146527
99 463500
100 455309
101 92707
102 437941
103 315368
104 392518
105 122021
106 523525
107 248217
108 322320
109 331184
110 240874
111 518791
112 358887
113 310707
114 371620
115 37375
116 323558
117 163311
118 347774
119 435295
120 141751
121 423591
122 69201
123 351405
124 35073
125 453326
126 148541
127 284186
128 33563
129 144321
130 194712
131 482991
132 100344
133 180067
134 436894
135 40019
136 204136
137 254038
138 142595
139 478992
140 43617
141 378495
142 543979
143 399824
144 24451
145 399006
146 109100
147 88071
148 88664
149 67802
150 31185
151 522219
152 171637
153 539353
154 2411
155 471620
156 171677
157 398644
158 250953
159 218533
160 327139
161 229451
162 298214
163 305053
164 396936
165 508516
166 397827
167 494286
168 284484
169 164812
170 164140
171 265316
172 50999
173 248396
174 169162
175 207828
176 350551
177 205581
178 499709
179 256238
180 419926
181 466304
182 351020
183 372239
184 324936
185 381294
186 270651
187 277503
188 147259
189 183214
190 281081
191 524460
192 232462
193 282228
194 529057
195 517559
196 480619
197 360890
198 392680
199 482982
200 324619
201 318944
202 199855
203 196737
204 312209
205 190012
206 189182
207 214216
208 296790
209 331170
210 548391
211 366293
212 198471
213 340940
214 67407
215 380684
216 158577
217 105539
218 178529
219 521723
220 211919
221 461141
222 536296
223 543463
224 455588
225 418521
226 120579
227 484750
228 308531
229 539948
230 64826
231 112689
232 407401
233 527948
234 306531
235 290088
236 277636
237 489239
238 351827
239 539578
240 101280
241 328570
242 347666
243 10384
244 505613
245 453375
246 507975
247 46639
248 543565
249 178260
250 412348
251 135843
252 440729
253 530304
254 447487
255 282747
256 415742
257 343602
258 527680
259 124196
260 340570
261 394879
262 134980
263 301756
264 288862
265 233761
266 46279
267 539156
268 168149
269 384688
270 75366
271 170940
272 512055
273 46091
274 364755
275 161912
276 152237
277 458888
278 55665
279 379439
280 269495
281 388514
282 263267
283 390438
284 540836
285 21628
286 471583
287 272828
288 437689
289 54635
290 164067
291 79662
292 408890
293 348664
294 210341
295 13768
296 339760
297 424074
298 128438
299 444520
300 505914
301 441252
302 358803
303 168719
304 123107
305 411849
306 95344
307 428277
308 202846
309 82609
310 200207
311 424948
312 8922
313 338475
314 357323
315 29098
316 460644
317 217935
318 518982
319 472444
320 274179
321 505814
322 482373
323 295664
324 485254
325 146453
326 104347
327 47912
328 495195
329 346707
330 22699
331 12604
332 352294
333 442025
334 62163
