0(537837): 
1(77793): 0(0.570487), 1(0.570487), 2(0.570487), 3(0.570487), 4(0.570487), 
2(8619): 0(0.380222), 1(0.380222), 2(0.380222), 3(0.380222), 4(0.380222), 
3(107976): 0(1.747195), 1(1.747195), 2(1.747195), 3(1.747195), 4(1.747195), 
4(382607): 0(3.202495), 1(3.202495), 2(3.202495), 3(3.202495), 4(3.202495), 
5(360260): 0(2.247221), 1(2.247221), 2(2.247221), 3(2.247221), 4(2.247221), 
6(65305): 
7(282794): 
8(528398): 
9(453454): 0(0.308283), 1(0.308283), 2(0.308283), 3(0.308283), 4(0.308283), 
10(232830): 
11(363769): 
12(182478): 
13(64259): 0(0.387281), 1(0.387281), 2(0.387281), 3(0.387281), 4(0.387281), 
14(89532): 
15(239320): 
16(484008): 
17(190065): 
18(435655): 
19(294399): 
20(435207): 
21(512521): 
22(503238): 
23(143328): 
24(297185): 
25(415818): 0(0.645394), 1(0.645394), 2(0.645394), 3(0.645394), 4(0.645394), 
26(417210): 
27(359630): 
28(430305): 
29(100452): 
30(411334): 
31(67108): 
32(459849): 
33(327059): 
34(454437): 
35(437381): 
36(63598): 
37(445065): 
38(450533): 
39(224978): 
40(500657): 
41(205392): 
42(358700): 0(0.328457), 1(0.328457), 2(0.328457), 3(0.328457), 4(0.328457), 
43(439736): 
44(404936): 
45(108073): 
46(297532): 
47(375710): 
48(485656): 
49(405361): 
50(143487): 
51(439571): 
52(528567): 
53(538290): 
54(216432): 
55(213063): 
56(496611): 
57(259701): 
58(460075): 
59(537145): 
60(346884): 
61(185397): 
62(308218): 
