0 305716
1 21659
2 445259
3 162709
4 158674
5 501124
6 140476
7 412353
8 61118
9 129002
10 278146
11 270593
12 2797
13 389473
14 72238
15 282906
16 422063
17 14896
18 24397
19 411795
20 210462
21 62867
22 87626
23 254423
24 264309
25 320858
26 216625
27 80005
28 384795
29 476672
30 429082
31 438354
32 258501
33 42346
34 303160
35 71036
36 432569
37 438003
38 96828
39 96829
40 514909
41 406975
42 514442
43 182587
44 534790
45 132671
46 499649
47 96824
48 121462
49 260329
50 441874
51 96812
52 205505
53 163015
54 436124
55 67051
56 408836
57 370812
58 166077
59 145089
60 188698
61 354251
62 240678
63 115271
64 463702
65 528717
66 323378
67 266187
68 15952
69 472962
70 497828
71 348877
72 480884
73 323371
74 57116
75 283440
76 202609
77 439622
78 417383
79 441268
80 315577
81 129819
82 109243
83 196566
84 233838
85 21695
86 486888
87 516992
88 165128
89 47626
90 320287
91 278725
92 203397
93 231400
94 1015
95 466135
96 198304
97 538222
98 350288
99 518655
100 31200
101 121482
102 243863
103 519672
104 75245
105 259040
