iter  AnomalyNodeRemoved  LL
0 NA -692789.929950
1 112958 -692643.559959
2 143170 -692440.614731
3 65267 -692378.584222
4 302698 -692090.677552
5 425745 -691947.811907
6 399442 -691912.838296
7 352959 -691886.714288
8 392673 -691825.123416
9 271157 -691743.571064
10 105051 -691662.774249
11 80471 -691642.574167
12 60426 -691602.177923
13 453129 -691541.584363
14 196826 -691400.200312
15 491930 -691359.804893
16 182348 -691339.607181
17 272589 -691299.211774
18 330434 -691238.618675
19 289048 -691198.223275
20 312609 -691157.827879
21 5831 -691137.630180
22 45696 -691117.432481
23 110308 -691077.037086
24 184870 -691056.839388
25 290192 -690996.246296
26 69992 -690976.048599
27 121380 -690834.664716
28 257346 -690814.467019
29 324303 -690733.676229
30 107676 -690693.280834
31 201387 -690652.885439
32 135271 -690632.687742
33 285225 -690612.490045
34 137233 -690572.094650
35 79610 -690511.501557
36 454764 -690491.303860
37 523127 -690450.908465
38 375386 -690430.710767
39 407311 -690390.315373
40 445024 -690349.919978
41 288458 -690289.326885
42 162529 -690269.129188
43 238527 -690248.931490
44 39424 -690228.733793
45 521034 -690208.536096
46 499884 -690188.338398
47 158546 -690168.140701
48 257713 -690147.943003
49 328198 -690127.745306
50 290872 -690087.349911
51 72544 -690067.152213
52 96460 -690046.954516
53 234841 -690006.559121
54 226817 -689966.163726
55 311210 -689945.966029
56 182651 -689885.372936
57 334657 -689865.175239
58 196985 -689804.582147
59 246350 -689784.384449
60 146727 -689764.186752
61 34463 -689743.989054
62 53876 -689723.791357
63 468884 -689703.593659
64 96728 -689683.395962
65 197873 -689643.000567
66 323350 -689602.605172
67 328225 -689582.407475
68 164455 -689562.209777
69 202908 -689542.012080
70 144956 -689521.814382
71 155223 -689481.418988
72 159153 -689461.221290
73 461591 -689441.023593
74 429820 -689420.825895
75 514597 -689380.430500
76 14471 -689340.035105
77 241494 -689319.837408
78 322076 -689299.639711
79 522847 -689218.848921
80 35917 -689117.860434
81 270698 -689097.662736
82 392378 -689016.871946
83 102323 -688996.674249
84 382587 -688976.476551
85 145757 -688936.081157
86 356082 -688915.883459
87 28637 -688895.685762
88 175615 -688875.488064
89 514841 -688855.290367
90 502379 -688835.092669
91 229458 -688814.894972
92 361432 -688794.697274
93 279789 -688734.104182
94 110987 -688693.708787
95 64688 -688592.720300
96 238761 -688532.127208
97 321316 -688511.929510
98 2227 -688491.731813
99 123043 -688471.534115
100 125901 -688431.138720
101 397759 -688410.941023
102 531175 -688390.743325
103 224406 -688350.347931
104 57338 -688330.150233
105 440508 -688309.952536
106 307493 -688269.557141
107 455126 -688249.359443
108 420279 -688229.161746
109 437179 -688208.964048
110 237098 -688188.766351
111 63610 -688168.568654
112 212088 -688148.370956
113 7478 -688107.975561
114 257025 -688047.382469
115 465696 -688027.184771
116 142759 -688006.987074
117 134070 -687986.789377
118 389493 -687966.591679
119 218458 -687946.393982
120 543379 -687926.196284
121 466128 -687905.998587
122 455710 -687885.800889
123 337378 -687865.603192
124 447015 -687845.405494
125 73632 -687825.207797
126 87897 -687805.010100
127 12095 -687784.812402
128 93314 -687764.614705
129 278848 -687744.417007
130 301071 -687724.219310
131 35589 -687704.096424
132 457577 -687683.994751
133 378481 -687663.894474
134 297271 -687642.892868
135 118669 -687621.562505
136 134854 -687601.465848
137 295233 -687581.378838
138 21761 -687561.296053
139 105285 -687541.211781
140 455483 -687521.129270
141 210056 -687501.046560
142 423178 -687480.967574
143 477913 -687460.888988
144 109772 -687440.814370
145 492978 -687420.829384
146 289895 -687400.851054
147 444813 -687380.875986
148 173182 -687360.901866
149 17933 -687340.927823
150 477428 -687320.957070
151 481787 -687300.986843
152 15563 -687281.007343
153 498916 -687261.041084
154 527617 -687241.077445
155 258170 -687221.113758
156 262287 -687201.151103
157 88249 -687181.190435
158 469241 -687161.231015
159 133324 -687141.271854
160 181889 -687121.315820
161 251657 -687101.360178
162 107077 -687081.404728
163 354022 -687061.449823
164 72585 -687041.495206
165 268244 -687021.353384
166 174428 -687001.217437
167 497139 -686981.294258
168 302162 -686961.159632
169 243726 -686941.025472
170 103991 -686921.108708
171 448475 -686901.192147
172 6346 -686881.277325
173 268884 -686861.364446
174 225213 -686841.453121
175 487302 -686821.541933
176 170009 -686801.634048
177 235317 -686781.729610
178 77206 -686761.604294
179 431367 -686741.479675
180 488868 -686721.355493
181 96166 -686701.468651
182 432366 -686681.582195
183 349501 -686661.697506
184 40757 -686641.814579
185 231806 -686621.694046
186 370560 -686601.812566
187 381417 -686581.932233
188 143532 -686562.052012
189 153183 -686542.172143
190 163101 -686522.052417
191 419183 -686502.173957
192 39464 -686482.295331
193 521643 -686462.176244
194 188495 -686442.298294
195 86208 -686402.191474
196 117214 -686382.070089
197 298185 -686361.953459
198 264683 -686341.836903
199 413125 -686321.720848
200 298371 -686301.856096
201 376885 -686281.741193
202 378503 -686261.878457
203 376174 -686241.763488
204 529471 -686221.900529
205 305498 -686201.785902
206 334773 -686181.923814
207 495794 -686162.061379
208 456317 -686141.947084
209 278171 -686122.085509
210 127226 -686102.225212
211 505223 -686082.111248
212 362184 -686062.251101
213 527606 -686042.398705
214 89925 -686022.547285
215 442174 -686002.695560
216 326479 -685982.585627
217 297223 -685962.475984
218 192948 -685942.625327
219 288916 -685922.775333
220 491106 -685902.666021
221 69792 -685882.816671
222 442785 -685862.968158
223 262759 -685843.119938
224 199461 -685823.271969
225 55005 -685803.424457
226 455326 -685783.316181
227 224302 -685763.474974
228 58906 -685743.634827
229 183685 -685723.795210
230 310554 -685703.956384
231 413053 -685684.118343
232 506234 -685664.287035
233 442534 -685644.455650
234 425959 -685624.624857
235 285114 -685604.794688
236 136806 -685584.968685
237 409557 -685565.143826
238 538518 -685545.322390
239 10989 -685525.502111
240 477922 -685505.682011
241 409690 -685485.862091
242 148702 -685466.042136
243 460850 -685446.222738
244 354755 -685426.403474
245 402673 -685406.586914
246 315457 -685386.771388
247 288798 -685366.958425
248 194812 -685347.148957
249 129132 -685327.341523
250 376474 -685307.536627
251 421095 -685287.733437
252 277693 -685267.932063
253 302716 -685248.134853
254 485422 -685228.337801
255 107190 -685208.541811
256 492626 -685188.747833
257 275540 -685168.957651
258 457390 -685149.171573
259 149466 -685129.386277
260 97343 -685109.611302
261 402656 -685089.541160
262 408599 -685069.471675
263 187248 -685049.403337
264 135217 -685029.337924
265 444693 -685009.275086
266 44288 -684989.211193
267 484692 -684969.149200
268 132528 -684949.087780
269 174105 -684929.027388
270 339432 -684908.968119
271 154716 -684888.923816
272 290543 -684868.881021
273 116352 -684848.840488
274 209831 -684828.798363
275 128186 -684808.758191
276 200312 -684788.720211
277 501022 -684768.683794
278 471994 -684748.648965
279 276039 -684728.614161
280 273197 -684708.592401
281 381722 -684688.572917
282 43725 -684668.554060
283 294419 -684648.536380
284 196944 -684628.518811
285 57930 -684608.501357
286 521385 -684588.485905
287 341910 -684568.472035
288 48767 -684528.488386
289 194155 -684508.482758
290 232422 -684488.479245
291 469653 -684468.475804
292 307760 -684448.472456
293 486068 -684428.468761
294 520892 -684408.464554
295 193259 -684388.462177
296 133960 -684368.459331
297 455163 -684348.459356
298 3587 -684328.694181
299 309784 -684308.702372
300 377183 -684288.485216
301 99063 -684268.494482
302 363632 -684248.515202
303 290225 -684228.536732
304 365828 -684208.558829
305 519028 -684188.580047
306 527356 -684168.602216
307 299140 -684148.625453
308 130304 -684128.647751
309 194954 -684108.316969
310 407952 -684088.241458
311 508720 -684068.267387
312 375894 -684048.294101
313 233019 -684028.322565
314 8438 -684008.354101
315 65746 -683988.385616
316 288657 -683968.417697
317 339630 -683948.449850
318 520375 -683928.482729
319 145127 -683908.517902
320 75163 -683888.553349
321 40487 -683868.592311
322 144349 -683848.639668
323 48747 -683828.688265
324 386626 -683808.736893
325 485647 -683788.785885
326 375301 -683768.836100
327 401441 -683748.889965
328 178173 -683728.944032
329 482422 -683708.999001
330 344357 -683689.054025
331 290317 -683669.109112
332 49804 -683649.164255
333 415702 -683629.220431
334 490593 -683609.277466
335 110848 -683589.335209
336 105175 -683569.393019
337 289884 -683549.451774
338 130180 -683529.513283
339 313831 -683509.574860
340 304204 -683489.641348
341 424712 -683469.707089
342 201686 -683449.772903
343 429869 -683429.844577
344 442453 -683410.499557
345 336989 -683390.422150
346 380729 -683370.522422
347 40216 -683351.236090
348 507408 -683331.280232
349 144995 -683312.015833
350 235263 -683292.104256
351 149584 -683272.843202
352 446144 -683252.937441
353 149266 -683233.677946
354 66987 -683213.775431
355 85944 -683194.516611
356 11381 -683174.614879
357 519550 -683155.356707
358 504806 -683135.455192
359 216133 -683116.198812
360 103059 -683096.300551
361 122394 -683077.371808
362 146893 -683058.443098
363 402943 -683039.199353
364 539930 -683019.323218
365 308155 -683000.080947
366 519717 -682980.207894
367 159675 -682960.970198
368 155918 -682941.737373
369 327168 -682921.881389
370 71080 -682902.649591
371 50819 -682882.795485
372 507032 -682863.570557
373 198376 -682843.727652
374 117569 -682822.460478
375 47927 -682793.441933
376 480352 -682774.224963
377 418708 -682754.398876
378 246395 -682735.186185
379 280054 -682715.363010
380 186350 -682696.153030
381 486386 -682676.334524
382 110419 -682657.125501
383 75894 -682637.308401
384 424910 -682618.104412
385 126091 -682598.295780
386 416771 -682579.130162
387 91971 -682559.993655
388 239549 -682540.857323
389 473191 -682521.721308
390 217355 -682502.585052
391 300386 -682483.451219
392 204049 -682464.332666
393 299120 -682445.216776
394 51095 -682426.101300
395 77794 -682406.987800
396 374215 -682387.874742
397 339606 -682368.762848
398 256723 -682349.654469
399 497990 -682330.552087
400 12045 -682311.451241
401 84199 -682292.354984
402 23911 -682273.260383
403 380775 -682254.167976
404 255978 -682235.080602
405 218655 -682215.993875
406 274604 -682196.909292
407 120315 -682177.828325
408 62671 -682158.750083
409 244254 -682139.672811
410 530773 -682120.595415
411 31461 -682101.519473
412 384720 -682082.444638
413 108282 -682063.371388
414 40375 -682044.299873
415 408899 -682025.230013
416 266267 -682006.162422
417 3319 -681987.096280
418 356129 -681968.032351
419 323874 -681948.968590
420 221555 -681929.905383
421 492201 -681910.842620
422 525545 -681891.787960
423 124517 -681872.737233
424 113072 -681853.686298
425 75079 -681834.640358
426 318647 -681815.602816
427 412728 -681796.565627
428 235581 -681777.530184
429 370123 -681758.498656
430 118708 -681739.467930
431 513561 -681720.444398
432 218545 -681701.422752
433 342100 -681682.407708
434 388724 -681663.392862
435 393192 -681644.385164
436 247763 -681625.378197
437 437225 -681606.372663
438 285472 -681587.368431
439 263189 -681568.365428
440 340079 -681549.367075
441 324896 -681530.369221
442 273835 -681511.374548
443 175700 -681492.380984
444 407944 -681473.388813
445 502579 -681454.396765
446 397953 -681435.408321
447 384051 -681416.421029
448 356728 -681397.434011
449 469769 -681378.448560
450 50095 -681359.463389
451 266007 -681340.483908
452 250477 -681321.513587
453 345082 -681283.595940
454 323194 -681244.621333
455 217760 -681207.143326
456 257957 -681169.903950
457 127558 -681132.770943
458 137741 -681095.634343
459 354618 -681054.261961
460 536877 -681034.023966
461 3857 -681008.875377
462 417004 -680969.692530
463 309317 -680950.511938
464 154612 -680930.739733
465 346223 -680912.105539
466 414620 -680892.871655
467 411787 -680872.987745
468 293525 -680854.354674
469 124083 -680835.122559
470 443170 -680815.240830
471 33321 -680796.615190
472 336821 -680777.397629
473 137451 -680757.543008
474 264933 -680719.699023
475 410350 -680682.006971
476 245864 -680663.440127
477 25092 -680644.340153
478 249803 -680625.774929
479 356637 -680606.677589
480 18571 -680568.981644
481 71496 -680550.418097
482 505682 -680531.322868
483 537300 -680512.761718
484 311438 -680493.670577
485 291335 -680456.027193
486 426685 -680437.475023
487 507080 -680418.398654
488 136093 -680399.849675
489 504468 -680380.778672
490 205503 -680362.229802
491 101661 -680343.158618
492 500946 -680324.613632
493 363413 -680305.548811
494 291740 -680287.006435
495 399649 -680267.945820
496 317307 -680249.408957
497 58308 -680230.875305
498 180193 -680212.342195
499 306528 -680193.296596
500 483040 -680155.729861
