iter  precision  recall
1  0.000000  0.000000
2  0.000000  0.000000
3  0.000000  0.000000
4  0.000000  0.000000
5  0.000000  0.000000
6  0.000000  0.000000
7  0.000000  0.000000
8  0.000000  0.000000
9  0.000000  0.000000
10  0.000000  0.000000
11  0.000000  0.000000
12  0.000000  0.000000
13  0.000000  0.000000
14  0.000000  0.000000
15  0.000000  0.000000
16  0.062500  0.000532
17  0.058824  0.000532
18  0.055556  0.000532
19  0.052632  0.000532
20  0.050000  0.000532
21  0.047619  0.000532
22  0.045455  0.000532
23  0.043478  0.000532
24  0.041667  0.000532
25  0.040000  0.000532
26  0.038462  0.000532
27  0.037037  0.000532
28  0.035714  0.000532
29  0.034483  0.000532
30  0.033333  0.000532
31  0.032258  0.000532
32  0.031250  0.000532
33  0.030303  0.000532
34  0.029412  0.000532
35  0.028571  0.000532
36  0.027778  0.000532
37  0.027027  0.000532
38  0.052632  0.001063
39  0.051282  0.001063
40  0.050000  0.001063
41  0.048780  0.001063
42  0.047619  0.001063
43  0.046512  0.001063
44  0.045455  0.001063
45  0.044444  0.001063
46  0.043478  0.001063
47  0.042553  0.001063
48  0.041667  0.001063
49  0.040816  0.001063
50  0.040000  0.001063
51  0.039216  0.001063
52  0.038462  0.001063
53  0.037736  0.001063
54  0.037037  0.001063
55  0.036364  0.001063
56  0.035714  0.001063
57  0.035088  0.001063
58  0.034483  0.001063
59  0.050847  0.001595
60  0.050000  0.001595
61  0.065574  0.002127
62  0.064516  0.002127
63  0.063492  0.002127
64  0.062500  0.002127
65  0.061538  0.002127
66  0.060606  0.002127
67  0.059701  0.002127
68  0.073529  0.002658
69  0.072464  0.002658
70  0.071429  0.002658
71  0.070423  0.002658
72  0.069444  0.002658
73  0.068493  0.002658
74  0.067568  0.002658
75  0.066667  0.002658
76  0.065789  0.002658
77  0.064935  0.002658
78  0.064103  0.002658
79  0.063291  0.002658
80  0.062500  0.002658
81  0.074074  0.003190
82  0.073171  0.003190
83  0.072289  0.003190
84  0.071429  0.003190
85  0.070588  0.003190
86  0.069767  0.003190
87  0.068966  0.003190
88  0.068182  0.003190
89  0.067416  0.003190
90  0.066667  0.003190
91  0.076923  0.003721
92  0.076087  0.003721
93  0.075269  0.003721
94  0.074468  0.003721
95  0.073684  0.003721
96  0.072917  0.003721
97  0.072165  0.003721
98  0.071429  0.003721
99  0.070707  0.003721
100  0.070000  0.003721
101  0.069307  0.003721
102  0.068627  0.003721
103  0.067961  0.003721
104  0.076923  0.004253
105  0.076190  0.004253
106  0.075472  0.004253
107  0.074766  0.004253
108  0.074074  0.004253
109  0.082569  0.004785
110  0.081818  0.004785
111  0.081081  0.004785
112  0.080357  0.004785
113  0.079646  0.004785
114  0.078947  0.004785
115  0.086957  0.005316
116  0.086207  0.005316
117  0.085470  0.005316
118  0.093220  0.005848
119  0.092437  0.005848
120  0.091667  0.005848
121  0.090909  0.005848
122  0.090164  0.005848
123  0.089431  0.005848
124  0.088710  0.005848
125  0.088000  0.005848
126  0.087302  0.005848
127  0.086614  0.005848
128  0.085938  0.005848
129  0.085271  0.005848
130  0.084615  0.005848
131  0.083969  0.005848
132  0.083333  0.005848
133  0.082707  0.005848
134  0.082090  0.005848
135  0.081481  0.005848
136  0.088235  0.006380
137  0.094891  0.006911
138  0.101449  0.007443
139  0.100719  0.007443
140  0.107143  0.007974
141  0.106383  0.007974
142  0.105634  0.007974
143  0.104895  0.007974
144  0.104167  0.007974
145  0.103448  0.007974
146  0.109589  0.008506
147  0.108844  0.008506
148  0.108108  0.008506
149  0.114094  0.009038
150  0.113333  0.009038
151  0.112583  0.009038
152  0.111842  0.009038
153  0.111111  0.009038
154  0.110390  0.009038
155  0.109677  0.009038
156  0.108974  0.009038
157  0.114650  0.009569
158  0.113924  0.009569
159  0.113208  0.009569
160  0.118750  0.010101
161  0.118012  0.010101
162  0.117284  0.010101
163  0.116564  0.010101
164  0.121951  0.010633
165  0.121212  0.010633
166  0.120482  0.010633
167  0.119760  0.010633
168  0.119048  0.010633
169  0.118343  0.010633
170  0.117647  0.010633
171  0.116959  0.010633
172  0.116279  0.010633
173  0.115607  0.010633
174  0.114943  0.010633
175  0.114286  0.010633
176  0.119318  0.011164
177  0.118644  0.011164
178  0.117978  0.011164
179  0.117318  0.011164
180  0.116667  0.011164
181  0.116022  0.011164
182  0.115385  0.011164
183  0.114754  0.011164
184  0.114130  0.011164
185  0.118919  0.011696
186  0.118280  0.011696
187  0.122995  0.012228
188  0.122340  0.012228
189  0.121693  0.012228
190  0.126316  0.012759
191  0.125654  0.012759
192  0.125000  0.012759
193  0.124352  0.012759
194  0.123711  0.012759
195  0.123077  0.012759
196  0.122449  0.012759
197  0.121827  0.012759
198  0.121212  0.012759
199  0.125628  0.013291
200  0.125000  0.013291
201  0.124378  0.013291
202  0.123762  0.013291
203  0.123153  0.013291
204  0.122549  0.013291
205  0.121951  0.013291
206  0.121359  0.013291
207  0.120773  0.013291
208  0.120192  0.013291
209  0.119617  0.013291
210  0.119048  0.013291
211  0.118483  0.013291
212  0.117925  0.013291
213  0.122066  0.013822
214  0.121495  0.013822
215  0.120930  0.013822
216  0.120370  0.013822
217  0.119816  0.013822
218  0.119266  0.013822
219  0.118721  0.013822
220  0.118182  0.013822
221  0.117647  0.013822
222  0.117117  0.013822
223  0.116592  0.013822
224  0.116071  0.013822
225  0.115556  0.013822
226  0.115044  0.013822
227  0.114537  0.013822
228  0.114035  0.013822
229  0.113537  0.013822
230  0.113043  0.013822
231  0.112554  0.013822
232  0.112069  0.013822
233  0.111588  0.013822
234  0.111111  0.013822
235  0.110638  0.013822
236  0.110169  0.013822
237  0.109705  0.013822
238  0.109244  0.013822
239  0.108787  0.013822
240  0.108333  0.013822
241  0.107884  0.013822
242  0.107438  0.013822
243  0.111111  0.014354
244  0.110656  0.014354
245  0.110204  0.014354
246  0.109756  0.014354
247  0.109312  0.014354
248  0.108871  0.014354
249  0.108434  0.014354
250  0.108000  0.014354
251  0.111554  0.014886
252  0.111111  0.014886
253  0.114625  0.015417
254  0.114173  0.015417
255  0.113725  0.015417
256  0.113281  0.015417
257  0.112840  0.015417
258  0.112403  0.015417
259  0.111969  0.015417
260  0.111538  0.015417
261  0.111111  0.015417
262  0.114504  0.015949
263  0.114068  0.015949
264  0.113636  0.015949
265  0.113208  0.015949
266  0.112782  0.015949
267  0.112360  0.015949
268  0.111940  0.015949
269  0.111524  0.015949
270  0.114815  0.016481
271  0.114391  0.016481
272  0.113971  0.016481
273  0.113553  0.016481
274  0.113139  0.016481
275  0.112727  0.016481
276  0.112319  0.016481
277  0.111913  0.016481
278  0.111511  0.016481
279  0.111111  0.016481
280  0.110714  0.016481
281  0.110320  0.016481
282  0.109929  0.016481
283  0.113074  0.017012
284  0.112676  0.017012
285  0.115789  0.017544
286  0.115385  0.017544
287  0.114983  0.017544
288  0.114583  0.017544
289  0.114187  0.017544
290  0.113793  0.017544
291  0.113402  0.017544
292  0.113014  0.017544
293  0.112628  0.017544
294  0.112245  0.017544
295  0.115254  0.018075
296  0.114865  0.018075
297  0.114478  0.018075
298  0.114094  0.018075
299  0.113712  0.018075
300  0.113333  0.018075
301  0.116279  0.018607
302  0.119205  0.019139
303  0.118812  0.019139
304  0.118421  0.019139
305  0.118033  0.019139
306  0.117647  0.019139
307  0.117264  0.019139
308  0.116883  0.019139
309  0.116505  0.019139
310  0.116129  0.019139
311  0.115756  0.019139
312  0.115385  0.019139
313  0.118211  0.019670
314  0.121019  0.020202
315  0.120635  0.020202
316  0.123418  0.020734
317  0.123028  0.020734
318  0.122642  0.020734
319  0.122257  0.020734
320  0.121875  0.020734
321  0.121495  0.020734
322  0.121118  0.020734
323  0.123839  0.021265
324  0.123457  0.021265
325  0.123077  0.021265
326  0.125767  0.021797
327  0.125382  0.021797
328  0.125000  0.021797
329  0.124620  0.021797
330  0.124242  0.021797
331  0.123867  0.021797
332  0.126506  0.022329
333  0.126126  0.022329
334  0.125749  0.022329
335  0.125373  0.022329
336  0.127976  0.022860
337  0.127596  0.022860
338  0.127219  0.022860
339  0.126844  0.022860
340  0.126471  0.022860
341  0.126100  0.022860
342  0.125731  0.022860
343  0.125364  0.022860
344  0.127907  0.023392
345  0.127536  0.023392
346  0.127168  0.023392
347  0.126801  0.023392
348  0.126437  0.023392
349  0.126074  0.023392
350  0.128571  0.023923
351  0.128205  0.023923
352  0.127841  0.023923
353  0.127479  0.023923
354  0.127119  0.023923
355  0.126761  0.023923
356  0.129213  0.024455
357  0.128852  0.024455
358  0.128492  0.024455
359  0.130919  0.024987
360  0.130556  0.024987
361  0.132964  0.025518
362  0.135359  0.026050
363  0.137741  0.026582
364  0.140110  0.027113
365  0.139726  0.027113
366  0.139344  0.027113
367  0.141689  0.027645
368  0.141304  0.027645
369  0.140921  0.027645
370  0.140541  0.027645
371  0.140162  0.027645
372  0.142473  0.028177
373  0.144772  0.028708
374  0.144385  0.028708
375  0.144000  0.028708
376  0.146277  0.029240
377  0.145889  0.029240
378  0.145503  0.029240
379  0.145119  0.029240
380  0.144737  0.029240
381  0.144357  0.029240
382  0.143979  0.029240
383  0.143603  0.029240
384  0.143229  0.029240
385  0.142857  0.029240
386  0.142487  0.029240
387  0.142119  0.029240
388  0.141753  0.029240
389  0.143959  0.029771
390  0.143590  0.029771
391  0.143223  0.029771
392  0.142857  0.029771
393  0.142494  0.029771
394  0.144670  0.030303
395  0.144304  0.030303
396  0.143939  0.030303
397  0.143577  0.030303
398  0.143216  0.030303
399  0.142857  0.030303
400  0.142500  0.030303
401  0.142145  0.030303
402  0.141791  0.030303
403  0.143921  0.030835
404  0.143564  0.030835
405  0.143210  0.030835
406  0.142857  0.030835
407  0.142506  0.030835
408  0.142157  0.030835
409  0.141809  0.030835
410  0.141463  0.030835
411  0.141119  0.030835
412  0.140777  0.030835
413  0.140436  0.030835
414  0.140097  0.030835
415  0.139759  0.030835
416  0.141827  0.031366
417  0.141487  0.031366
418  0.143541  0.031898
419  0.143198  0.031898
420  0.145238  0.032430
421  0.144893  0.032430
422  0.144550  0.032430
423  0.144208  0.032430
424  0.143868  0.032430
425  0.143529  0.032430
426  0.145540  0.032961
427  0.145199  0.032961
428  0.144860  0.032961
429  0.144522  0.032961
430  0.146512  0.033493
431  0.146172  0.033493
432  0.145833  0.033493
433  0.145497  0.033493
434  0.145161  0.033493
435  0.144828  0.033493
436  0.144495  0.033493
437  0.144165  0.033493
438  0.143836  0.033493
439  0.143508  0.033493
440  0.143182  0.033493
441  0.145125  0.034024
442  0.144796  0.034024
443  0.144470  0.034024
444  0.146396  0.034556
445  0.146067  0.034556
446  0.145740  0.034556
447  0.147651  0.035088
448  0.147321  0.035088
449  0.146993  0.035088
450  0.146667  0.035088
451  0.146341  0.035088
452  0.146018  0.035088
453  0.145695  0.035088
454  0.145374  0.035088
455  0.145055  0.035088
456  0.144737  0.035088
457  0.144420  0.035088
458  0.144105  0.035088
459  0.143791  0.035088
460  0.143478  0.035088
461  0.143167  0.035088
462  0.142857  0.035088
463  0.142549  0.035088
464  0.144397  0.035619
465  0.146237  0.036151
466  0.145923  0.036151
467  0.145610  0.036151
468  0.147436  0.036683
469  0.149254  0.037214
470  0.151064  0.037746
471  0.152866  0.038278
472  0.154661  0.038809
473  0.154334  0.038809
474  0.154008  0.038809
475  0.153684  0.038809
476  0.153361  0.038809
477  0.153040  0.038809
478  0.152720  0.038809
479  0.152401  0.038809
480  0.152083  0.038809
481  0.153846  0.039341
482  0.153527  0.039341
483  0.153209  0.039341
484  0.152893  0.039341
485  0.152577  0.039341
486  0.154321  0.039872
487  0.154004  0.039872
488  0.153689  0.039872
489  0.155419  0.040404
490  0.155102  0.040404
491  0.154786  0.040404
492  0.154472  0.040404
493  0.156187  0.040936
494  0.157895  0.041467
495  0.159596  0.041999
496  0.159274  0.041999
497  0.158954  0.041999
498  0.158635  0.041999
499  0.158317  0.041999
500  0.160000  0.042531
