0(281539): 
1(407247): 2(1.923074), 
2(350318): 2(2.434223), 
3(361649): 2(0.852764), 
4(423524): 2(0.612732), 
5(254994): 2(1.285668), 
6(329428): 2(4.358440), 
7(115260): 2(0.881367), 
8(100892): 2(0.575136), 
9(316849): 2(0.612053), 
10(170067): 2(1.005422), 
11(41632): 
12(536075): 0(0.625454), 
13(93891): 2(0.692788), 
14(112124): 1(0.529534), 
15(426088): 1(1.943328), 
16(511534): 0(3.144717), 1(0.731741), 
17(183831): 1(4.504475), 
18(158820): 1(1.737248), 
19(433300): 1(2.049674), 
20(101480): 0(1.865220), 
21(149826): 
22(21513): 0(11.249128), 
23(251493): 
24(396323): 0(4.804571), 
25(408619): 0(3.466951), 
26(432613): 0(5.250848), 
27(300208): 
28(95477): 
29(509910): 
30(189612): 
31(389115): 
32(351378): 1(2.984749), 
33(288575): 1(0.529369), 
34(241647): 1(0.510965), 
