0(1806): 0(21.029572), 1(21.029572), 5(21.029572), 
1(35472): 0(2.897118), 1(2.897118), 5(2.897118), 
2(158841): 
3(528993): 
4(321497): 
5(376498): 
6(164686): 0(2.903870), 1(2.903870), 5(2.903870), 
7(393054): 0(5.828329), 1(5.828329), 2(5.786709), 3(5.786709), 4(5.786709), 5(5.828329), 6(5.786709), 
8(49268): 
9(49243): 
10(4389): 2(1.691579), 3(1.691579), 4(1.691579), 6(1.691579), 
11(268877): 
12(405956): 
13(267328): 2(1.663174), 3(1.663174), 4(1.663174), 6(1.663174), 
14(216817): 
15(452096): 
16(160502): 
17(121188): 
