0(254963): 
1(228082): 
2(301483): 0(0.511671), 1(0.511671), 2(0.511671), 3(0.511671), 
3(183231): 
4(206540): 
5(327922): 
6(226389): 
7(77009): 
8(403540): 
9(333085): 
10(75848): 4(1.989961), 
11(475036): 4(2.313180), 
12(158327): 4(2.300000), 
13(189882): 
14(81790): 0(0.255867), 1(0.255867), 2(0.255867), 3(0.255867), 
15(11915): 0(1.037584), 1(1.037584), 2(1.037584), 3(1.037584), 
16(36802): 0(1.778132), 1(1.778132), 2(1.778132), 3(1.778132), 
17(131043): 
18(41015): 
19(504629): 
20(482169): 
21(394515): 
22(179221): 
23(465919): 
24(110425): 
25(334588): 
26(396362): 4(3.049482), 
27(104366): 4(2.520308), 
28(448): 4(4.044887), 
29(28123): 4(2.231548), 
30(44008): 
31(471848): 4(0.851825), 
32(544416): 
33(515094): 
34(155663): 0(0.273275), 1(0.273275), 2(0.273275), 3(0.273275), 
35(135115): 
36(326481): 0(0.669482), 1(0.669482), 2(0.669482), 3(0.669482), 
37(15922): 0(0.358872), 1(0.358872), 2(0.358872), 3(0.358872), 
38(362528): 4(0.255575), 
39(467401): 
40(449691): 
41(389968): 4(0.255507), 
42(485055): 
43(114138): 4(0.255544), 
44(168181): 
45(321910): 
46(529820): 
47(55701): 4(0.252976), 
48(392186): 
49(2117): 4(0.254343), 
50(488416): 
51(491851): 4(0.233667), 
52(338300): 
53(260305): 
54(271148): 
55(366149): 
56(347419): 
57(170021): 
58(547506): 
59(130042): 
60(455467): 4(0.252944), 
61(152512): 
62(416364): 
63(106397): 0(0.507814), 1(0.507814), 2(0.507814), 3(0.507814), 
64(149579): 
65(146401): 
66(42516): 
67(354715): 
68(270024): 
69(310488): 
70(546224): 
71(111550): 
72(95258): 
73(89918): 
74(421373): 
75(98343): 
76(498651): 
77(301682): 0(0.363602), 1(0.363602), 2(0.363602), 3(0.363602), 
78(325493): 
79(79705): 
80(104350): 
81(328951): 
82(389791): 
83(344483): 
84(397448): 
85(135409): 0(1.045425), 1(1.045425), 2(1.045425), 3(1.045425), 
86(66017): 
87(499716): 
88(286536): 
89(349627): 
90(416018): 
91(463529): 
92(259788): 
93(433792): 0(0.621463), 1(0.621463), 2(0.621463), 3(0.621463), 
94(368498): 0(0.539337), 1(0.539337), 2(0.539337), 3(0.539337), 
95(162974): 
96(403346): 
97(209915): 
98(427277): 
99(154146): 
100(13589): 
101(544279): 
102(175213): 
103(70230): 
104(535908): 
105(477664): 
106(40326): 
107(524779): 
108(79419): 
109(56913): 
110(86150): 
111(325745): 
112(391539): 
113(485524): 
114(413490): 
115(155025): 
116(131874): 
117(525658): 4(0.259794), 
118(519832): 
119(338709): 
120(56684): 4(0.259536), 
121(81042): 
122(334420): 
123(121361): 
124(203546): 4(0.259530), 
125(80796): 
126(52713): 
127(520877): 
128(410087): 
129(397575): 
130(216697): 
131(375133): 
132(154321): 
133(75762): 
134(383321): 
