0 21945
1 104737
2 18452
3 427216
4 294006
5 229488
6 383362
7 439202
8 58799
9 137008
10 414629
11 286724
12 385015
13 400011
14 80142
15 47476
16 498377
17 264005
18 346932
19 85349
20 518695
21 377041
22 432857
23 253239
24 349761
25 283767
26 427026
27 288374
28 478674
29 142514
30 379324
31 518648
32 265353
33 296571
34 94813
35 257331
36 531205
37 262148
38 316764
39 371997
40 336712
41 232600
42 531641
43 395891
44 459331
45 523737
46 269530
47 137236
48 60090
49 407273
50 129068
51 310989
52 238416
53 337825
54 500491
55 326089
56 88269
57 32976
58 8817
59 329652
60 427791
61 193438
62 482859
63 539228
64 92183
65 160681
66 163919
67 518227
68 242690
69 423625
70 102341
71 376997
72 190308
73 487135
74 335785
75 111787
76 51616
77 156498
78 376231
79 246460
