0(445196): 0(2.604985), 
1(363588): 
2(425057): 0(0.463257), 
3(288908): 0(1.724204), 
4(431285): 0(0.284078), 
5(494329): 
6(448900): 0(1.656791), 
7(287734): 0(9.068328), 
8(166059): 0(0.284030), 
9(353282): 0(0.545155), 
10(190199): 
11(298152): 
12(354492): 0(1.605347), 
13(530630): 0(3.194587), 
14(202277): 
15(283842): 0(0.284082), 
16(455205): 
17(507462): 
18(224377): 
19(339357): 
20(401187): 0(0.567148), 
21(363055): 
22(434890): 
23(520543): 0(0.284167), 
24(91351): 
25(282873): 1(0.621983), 2(0.621983), 
26(103928): 1(0.359948), 2(0.359948), 
27(479011): 1(0.377978), 2(0.377978), 
28(137778): 1(0.371036), 2(0.371036), 
29(307186): 0(2.915998), 
30(361376): 
31(282154): 1(0.399718), 2(0.399718), 
32(257765): 1(0.943477), 2(0.943477), 
33(40319): 1(0.676610), 2(0.676610), 
34(235408): 
35(491652): 
36(40330): 
37(135937): 
38(394441): 
39(354845): 
40(37313): 
41(138586): 
42(326049): 1(0.730383), 2(0.730383), 
43(506415): 
44(535792): 1(0.475782), 2(0.475782), 
45(8130): 1(0.483761), 2(0.483761), 
46(471901): 
47(36893): 1(0.414832), 2(0.414832), 
48(287998): 
49(438922): 
50(404569): 
51(92426): 
52(157349): 
53(48815): 1(0.628397), 2(0.628397), 
54(439705): 
55(412381): 1(0.274899), 2(0.274899), 
56(71938): 
57(2126): 
58(453143): 
59(25482): 
60(435544): 
61(419838): 
62(73917): 1(0.368535), 2(0.368535), 
63(61872): 
64(464271): 
65(107996): 
66(190549): 
67(249182): 
68(452964): 
69(49247): 
70(466579): 
71(269463): 
72(195082): 
73(420900): 1(0.432465), 2(0.432465), 
74(536374): 
75(3951): 1(0.519880), 2(0.519880), 
76(444746): 1(0.348576), 2(0.348576), 
77(438282): 
78(344945): 
79(28682): 1(0.300747), 2(0.300747), 
80(390591): 
81(19411): 
82(373235): 1(0.390689), 2(0.390689), 
83(533891): 
84(260186): 
85(105769): 
86(463156): 
87(184063): 
88(377269): 
89(283515): 
90(123850): 
91(482474): 
92(55648): 
93(458402): 
94(273695): 
95(288917): 
96(501176): 
97(9345): 
