0(537745): 0(1.615649), 
1(477808): 0(1.852835), 
2(135942): 0(0.437880), 
3(516947): 0(1.255972), 
4(498596): 0(0.401862), 
5(1820): 0(1.906275), 
6(185834): 0(0.438639), 
7(167642): 0(0.984031), 
8(206265): 0(0.551556), 
9(508483): 0(1.298893), 
10(472084): 2(1.087722), 
11(394137): 0(0.796692), 
12(424964): 
13(178061): 1(7.706772), 
14(118378): 1(1.025732), 
15(118233): 1(0.966057), 
16(297126): 1(7.177579), 
17(505955): 1(0.626277), 
18(268581): 
19(269505): 1(0.571900), 
20(213264): 2(0.338307), 
21(436429): 2(3.299149), 
22(287049): 2(1.344269), 
23(10687): 2(1.552247), 
24(339725): 2(0.982342), 
25(233088): 0(0.587352), 
26(362914): 
27(160700): 0(0.587781), 
28(335351): 
29(164600): 2(0.707404), 
30(434725): 1(3.538069), 
31(279570): 1(1.083247), 2(0.472665), 
32(341392): 1(3.550840), 2(0.375485), 
33(514212): 2(0.409623), 
34(426033): 
35(112858): 2(0.443915), 
36(85518): 2(0.409763), 
37(425681): 
38(512048): 
39(421409): 
40(207329): 
41(96907): 2(1.867832), 
42(79895): 2(0.338536), 
43(489399): 
44(533808): 2(0.469185), 
45(50313): 2(0.476103), 
46(392965): 
47(102507): 
48(384350): 
49(115002): 
50(171437): 
51(183511): 1(1.578429), 
52(527136): 1(0.355199), 
53(187854): 
54(520280): 
55(152663): 
56(261977): 
57(293591): 
58(200769): 
59(286373): 
60(190337): 1(0.424613), 
61(508581): 
62(530406): 
63(491494): 
64(237249): 
65(310096): 
66(508904): 
67(387578): 
68(303589): 
69(163082): 
70(119092): 
71(332244): 
72(120970): 
73(365572): 
74(363933): 
75(333429): 
76(94903): 
77(354429): 
78(26443): 
79(423187): 
80(509360): 
81(411367): 
82(429147): 
83(390225): 
84(228086): 
85(70027): 
86(238138): 
87(388235): 
88(60965): 
89(327126): 
90(61891): 
91(102971): 
