0 537745
1 477808
2 135942
3 516947
4 498596
5 1820
6 185834
7 167642
8 206265
9 508483
10 472084
11 394137
12 424964
13 178061
14 118378
15 118233
16 297126
17 505955
18 268581
19 269505
20 213264
21 436429
22 287049
23 10687
24 339725
25 233088
26 362914
27 160700
28 335351
29 164600
30 434725
31 279570
32 341392
33 514212
34 426033
35 112858
36 85518
37 425681
38 512048
39 421409
40 207329
41 96907
42 79895
43 489399
44 533808
45 50313
46 392965
47 102507
48 384350
49 115002
50 171437
51 183511
52 527136
53 187854
54 520280
55 152663
56 261977
57 293591
58 200769
59 286373
60 190337
61 508581
62 530406
63 491494
64 237249
65 310096
66 508904
67 387578
68 303589
69 163082
70 119092
71 332244
72 120970
73 365572
74 363933
75 333429
76 94903
77 354429
78 26443
79 423187
80 509360
81 411367
82 429147
83 390225
84 228086
85 70027
86 238138
87 388235
88 60965
89 327126
90 61891
91 102971
