0(176695): 
1(415981): 2(1.515676), 3(1.515676), 
2(90557): 
3(515422): 2(0.683751), 3(0.683751), 
4(176500): 2(1.651923), 3(1.651923), 
5(156150): 2(0.630549), 3(0.630549), 
6(196910): 
7(72880): 0(0.518306), 1(0.518306), 
8(455942): 0(0.502353), 1(0.502353), 
9(284216): 0(0.501297), 1(0.501297), 
10(407895): 0(0.591993), 1(0.591993), 
11(157635): 0(0.664205), 1(0.664205), 
12(509535): 
13(308167): 
14(467258): 
15(490231): 
16(271270): 
17(75935): 
18(142229): 
19(535153): 
20(393110): 
21(129143): 0(0.466184), 1(0.466184), 
22(457280): 
23(541552): 0(0.396132), 1(0.396132), 
24(57060): 0(0.476666), 1(0.476666), 
25(107045): 
26(246767): 
27(485935): 
28(338700): 0(0.626589), 1(0.626589), 
29(22780): 2(0.557514), 3(0.557514), 
30(352885): 0(0.494862), 1(0.494862), 
31(173371): 
32(290968): 2(1.067047), 3(1.067047), 
33(352799): 0(0.482648), 1(0.482648), 
34(158208): 
35(5197): 0(0.527816), 1(0.527816), 
36(418918): 0(0.701378), 1(0.701378), 
37(57722): 
38(181785): 
39(75588): 
40(35814): 
41(100623): 
42(398631): 
43(323085): 
44(56342): 0(0.526607), 1(0.526607), 
45(134783): 
46(245851): 
47(37101): 
48(302099): 
49(486884): 
