0(341967): 0(0.293019), 1(0.293019), 2(0.293019), 
1(396551): 
2(161336): 
3(117486): 0(1.448560), 1(1.448560), 2(1.448560), 
4(284970): 
5(121926): 
6(317910): 
7(92465): 
8(345173): 0(1.960847), 1(1.960847), 2(1.960847), 
9(410942): 0(0.369971), 1(0.369971), 2(0.369971), 
10(86268): 
11(422027): 0(0.372039), 1(0.372039), 2(0.372039), 
12(489340): 
13(273989): 0(2.289018), 1(2.289018), 2(2.289018), 
14(430353): 
15(321070): 0(1.712843), 1(1.712843), 2(1.712843), 
16(459353): 0(0.443546), 1(0.443546), 2(0.443546), 
17(176985): 
18(501646): 
19(27504): 
20(335776): 0(0.698622), 1(0.698622), 2(0.698622), 
21(60683): 
22(422838): 
23(146955): 0(1.163337), 1(1.163337), 2(1.163337), 
24(484357): 
25(295130): 
26(116931): 
27(173663): 
28(516347): 
29(314768): 
30(241016): 
31(109590): 
32(401686): 
33(57728): 
34(462308): 
35(114014): 
36(529577): 
37(215061): 
38(421754): 
39(284155): 
40(467394): 
41(14935): 
42(145537): 
43(258370): 
44(524769): 
45(230462): 
46(449941): 
47(222219): 
48(175762): 
49(534786): 
50(317891): 
51(265547): 
52(284094): 
53(3973): 
54(285128): 
55(364959): 
56(506320): 
57(101814): 
58(57122): 
59(139088): 
60(100009): 
61(346568): 
62(161245): 
63(47358): 
64(384472): 
65(277249): 
66(484265): 
