0(519013): 
1(127345): 
2(56052): 
3(536830): 
4(343242): 
5(76881): 
6(98332): 
7(74439): 
8(99373): 
9(363926): 0(0.215979), 
10(421557): 0(1.563086), 
11(139089): 0(1.540684), 
12(210992): 0(2.170389), 
13(367285): 0(0.946424), 
14(228831): 2(0.400829), 
15(121270): 2(0.420485), 
16(182430): 2(1.123768), 
17(432937): 
18(193790): 2(1.246024), 
19(412670): 2(0.236815), 
20(205319): 2(1.182856), 
21(358034): 1(0.976802), 
22(328155): 
23(191487): 
24(55043): 1(0.324404), 
25(38444): 1(0.677487), 
26(416846): 1(0.318034), 
27(162652): 1(0.574225), 
28(141711): 
29(181953): 1(0.448234), 
30(381003): 
31(23465): 
32(28053): 
33(311872): 
34(168720): 2(1.408242), 
35(5238): 2(0.375439), 
36(317603): 2(0.370353), 
37(168715): 2(0.381034), 
38(382724): 2(0.370331), 
39(261558): 2(0.931988), 
40(406305): 2(1.005295), 
41(471009): 2(0.375439), 
42(406909): 2(0.375741), 
43(494860): 2(0.769201), 
44(445716): 2(1.858130), 
45(25749): 2(0.375621), 
46(229510): 2(1.552681), 
47(309573): 2(0.378577), 
48(26373): 
49(73400): 
50(71736): 
51(4829): 
52(333916): 
53(494481): 
54(107972): 
55(70955): 
56(67464): 0(1.215593), 
57(131211): 
58(452884): 
59(3833): 
60(335763): 
61(184458): 
62(420427): 
63(396649): 
64(215955): 
65(400523): 
66(188073): 
67(189959): 
68(131182): 
69(101019): 
70(195210): 
71(98269): 
72(223061): 
73(434966): 
74(504305): 
75(163920): 0(0.777734), 
76(235970): 0(1.685978), 
77(114473): 0(0.511806), 
78(212553): 0(0.253776), 
79(234271): 
80(103544): 
81(65008): 0(0.239935), 
82(426269): 
83(220330): 0(0.235175), 
84(423859): 0(0.215450), 
85(23916): 
86(189013): 0(0.243804), 
87(475581): 0(0.551069), 
88(6579): 
89(100477): 
90(210020): 0(0.258140), 
91(517224): 0(0.245005), 
92(433843): 0(0.613277), 
93(61178): 0(0.259892), 
94(373188): 0(0.563273), 
95(356384): 0(0.348703), 
96(200044): 
97(451671): 
98(279216): 1(0.415146), 
99(142427): 1(0.653119), 
100(120380): 1(0.515019), 
101(19341): 
102(91592): 1(0.307686), 
103(306781): 
104(33812): 
105(389871): 0(0.259892), 
106(53117): 
107(47744): 0(0.248281), 1(0.599864), 
108(67395): 1(0.821660), 
109(408495): 
110(201684): 
111(520121): 
112(105619): 
113(23890): 
114(368176): 0(0.213541), 
115(60349): 
116(445441): 0(0.216040), 
117(131093): 
118(156691): 
119(200271): 0(0.287109), 
120(215914): 
121(66096): 0(0.837655), 1(0.396717), 
122(203903): 0(0.266771), 
123(135702): 1(0.593631), 
124(250182): 0(0.220274), 
125(324785): 1(0.590305), 
126(332188): 
127(522750): 
128(320128): 2(0.365301), 
129(254263): 2(0.625368), 
130(349055): 
131(472722): 
132(511237): 
133(217230): 
134(328468): 
135(403255): 
136(49761): 
137(444750): 0(0.266934), 
138(515659): 1(0.297289), 
139(397590): 
140(366555): 
141(58829): 1(0.245159), 
142(327890): 
143(460870): 0(0.259654), 
144(352079): 
145(228537): 
146(544898): 
147(386336): 
148(86910): 2(0.365445), 
149(342669): 
150(122915): 
151(327818): 
152(539125): 2(0.365353), 
