0 519013
1 127345
2 56052
3 536830
4 343242
5 76881
6 98332
7 74439
8 99373
9 363926
10 421557
11 139089
12 210992
13 367285
14 228831
15 121270
16 182430
17 432937
18 193790
19 412670
20 205319
21 358034
22 328155
23 191487
24 55043
25 38444
26 416846
27 162652
28 141711
29 181953
30 381003
31 23465
32 28053
33 311872
34 168720
35 5238
36 317603
37 168715
38 382724
39 261558
40 406305
41 471009
42 406909
43 494860
44 445716
45 25749
46 229510
47 309573
48 26373
49 73400
50 71736
51 4829
52 333916
53 494481
54 107972
55 70955
56 67464
57 131211
58 452884
59 3833
60 335763
61 184458
62 420427
63 396649
64 215955
65 400523
66 188073
67 189959
68 131182
69 101019
70 195210
71 98269
72 223061
73 434966
74 504305
75 163920
76 235970
77 114473
78 212553
79 234271
80 103544
81 65008
82 426269
83 220330
84 423859
85 23916
86 189013
87 475581
88 6579
89 100477
90 210020
91 517224
92 433843
93 61178
94 373188
95 356384
96 200044
97 451671
98 279216
99 142427
100 120380
101 19341
102 91592
103 306781
104 33812
105 389871
106 53117
107 47744
108 67395
109 408495
110 201684
111 520121
112 105619
113 23890
114 368176
115 60349
116 445441
117 131093
118 156691
119 200271
120 215914
121 66096
122 203903
123 135702
124 250182
125 324785
126 332188
127 522750
128 320128
129 254263
130 349055
131 472722
132 511237
133 217230
134 328468
135 403255
136 49761
137 444750
138 515659
139 397590
140 366555
141 58829
142 327890
143 460870
144 352079
145 228537
146 544898
147 386336
148 86910
149 342669
150 122915
151 327818
152 539125
