0(190278): 
1(237402): 1(20.048560), 
2(274645): 2(5.698591), 
3(421169): 2(2.081640), 
4(515042): 2(3.095529), 
5(331778): 2(4.882597), 
6(172517): 
7(95456): 2(0.482036), 
8(381847): 2(0.827133), 
9(269951): 2(21.135559), 
10(107854): 
11(382389): 0(1.289014), 
12(433810): 0(2.134878), 
13(56570): 0(0.851122), 
14(189148): 0(1.436480), 
15(128422): 0(3.542572), 
16(147500): 
17(67485): 2(0.778640), 
18(7354): 
19(14088): 1(11.417796), 
20(56688): 
21(116168): 
22(171152): 
23(424495): 
24(476202): 
25(335564): 
26(143748): 
27(284716): 
28(165937): 
29(544993): 
30(170911): 1(0.730598), 2(0.370352), 
31(342933): 1(2.293435), 
32(117507): 1(5.224867), 
33(158156): 
34(34701): 
35(486744): 
36(91161): 
37(397770): 0(1.290226), 
38(307308): 
39(477788): 
40(509718): 
41(148866): 
42(352223): 
43(362718): 
44(219866): 
45(450417): 
46(359712): 
47(123033): 
48(361345): 
49(420729): 
50(48881): 
51(396939): 
52(255606): 
53(311323): 
54(244847): 
55(198470): 
56(497038): 
57(442249): 
58(28152): 
59(4070): 
