0 190278
1 237402
2 274645
3 421169
4 515042
5 331778
6 172517
7 95456
8 381847
9 269951
10 107854
11 382389
12 433810
13 56570
14 189148
15 128422
16 147500
17 67485
18 7354
19 14088
20 56688
21 116168
22 171152
23 424495
24 476202
25 335564
26 143748
27 284716
28 165937
29 544993
30 170911
31 342933
32 117507
33 158156
34 34701
35 486744
36 91161
37 397770
38 307308
39 477788
40 509718
41 148866
42 352223
43 362718
44 219866
45 450417
46 359712
47 123033
48 361345
49 420729
50 48881
51 396939
52 255606
53 311323
54 244847
55 198470
56 497038
57 442249
58 28152
59 4070
