0(280651): 
1(479518): 0(0.876191), 1(0.876191), 2(0.876191), 3(0.876191), 4(3.008592), 5(3.008592), 
2(353596): 0(0.424051), 1(0.424051), 2(0.424051), 3(0.424051), 
3(33379): 4(6.538551), 5(6.538551), 
4(245507): 0(2.048699), 1(2.048699), 2(2.048699), 3(2.048699), 4(2.486491), 5(2.486491), 
5(206984): 
6(192900): 
7(287026): 
8(211804): 0(2.596203), 1(2.596203), 2(2.596203), 3(2.596203), 4(7.128955), 5(7.128955), 
9(354809): 4(1.770945), 5(1.770945), 
10(326323): 
11(156950): 
12(39576): 
13(260701): 4(3.561671), 5(3.561671), 
14(312743): 
15(280091): 
16(478532): 
17(431195): 0(1.974417), 1(1.974417), 2(1.974417), 3(1.974417), 
18(262116): 0(0.728135), 1(0.728135), 2(0.728135), 3(0.728135), 
19(481729): 0(0.793978), 1(0.793978), 2(0.793978), 3(0.793978), 
20(358478): 
21(357507): 
22(274940): 
23(483021): 
24(350547): 
25(46990): 
26(361346): 
27(243918): 
28(53000): 
29(290875): 
30(265910): 
31(170690): 
32(461532): 
33(544291): 
34(54882): 
35(482033): 
36(37456): 
37(417432): 
38(413665): 
39(315637): 
40(520878): 
41(214059): 
42(125538): 
43(147000): 
44(242803): 
45(146859): 
46(508757): 
47(25624): 
48(188807): 
49(173435): 
50(385932): 
51(544374): 
52(240637): 
53(225455): 
54(291402): 
55(316854): 
56(274): 
57(334559): 
58(441045): 
59(181843): 
60(82064): 
61(350128): 
62(256725): 
63(13680): 
