0(502288): 
1(365198): 
2(86953): 23(1.696583), 25(1.696583), 
3(203826): 3(6.362057), 20(6.362057), 21(6.362057), 22(6.362057), 23(9.679061), 25(9.679061), 26(6.362057), 27(6.362057), 28(6.362057), 
4(365200): 
5(503396): 23(18.928089), 25(18.928089), 
6(503406): 23(17.354102), 25(17.354102), 
7(365197): 
8(365196): 
9(114651): 3(0.978306), 20(0.978306), 21(0.978306), 22(0.978306), 26(0.978306), 27(0.978306), 28(0.978306), 
10(524843): 3(11.981359), 20(11.981359), 21(11.981359), 22(11.981359), 26(11.981359), 27(11.981359), 28(11.981359), 
11(517527): 
12(365199): 
13(23490): 
14(517525): 
15(383034): 
16(517526): 
17(516830): 
