86953 203826 503396 503406 
86953 203826 503396 503406 
114651 203826 524843 
114651 203826 524843 
114651 203826 524843 
114651 203826 524843 
114651 203826 524843 
114651 203826 524843 
114651 203826 524843 
203826 365198 503406 
203826 365198 503406 
203826 365198 503406 
203826 365198 503406 
203826 365198 503406 
203826 365198 503406 
203826 365198 503406 
203826 365198 503406 
203826 365198 503406 
203826 365198 503406 
203826 365198 503406 
203826 365198 503406 
203826 365198 503406 
203826 365198 503406 
203826 365198 503406 
203826 365198 503406 
203826 365198 503406 
203826 365198 503406 
203826 365198 503406 
203826 365198 503406 
