0(302782): 
1(534307): 0(1.875254), 
2(416089): 0(2.227450), 
3(170410): 0(1.760576), 2(2.281033), 
4(217427): 2(5.613880), 
5(45218): 
6(135006): 
7(305636): 
8(527583): 0(2.967550), 
9(19252): 0(2.304571), 1(13.282192), 
10(71210): 0(1.147001), 2(3.122059), 
11(144017): 0(0.419362), 
12(116912): 
13(203632): 1(20.583063), 
14(306218): 1(7.098659), 
15(169466): 
16(15749): 
17(408181): 
18(265874): 
19(331650): 
20(414051): 
21(443830): 
22(241305): 
23(464056): 
24(162598): 
25(173625): 
26(122874): 
27(46650): 
28(506695): 0(0.419441), 
29(145886): 
30(144083): 
31(294162): 0(0.419233), 
32(388799): 
33(201679): 
34(548285): 
35(301622): 
36(119385): 
37(476388): 
38(93821): 
39(512458): 
40(232501): 
41(247096): 
42(15806): 
43(166494): 
44(74494): 
45(127128): 
46(688): 
47(81909): 
48(355903): 
49(84370): 
50(517843): 
51(290331): 
52(17934): 
