0(258775): 2(8.947279), 
1(258142): 2(5.642636), 
2(125289): 2(0.657687), 
3(466088): 
4(225019): 2(8.945863), 
5(106195): 
6(489117): 0(0.471732), 1(5.807379), 
7(139914): 0(0.507572), 1(7.189694), 
8(350251): 1(0.630131), 
9(483624): 0(2.007911), 1(3.895118), 
10(293032): 
11(144982): 1(28.086403), 
12(258968): 
13(544691): 
14(352994): 1(0.473474), 
15(66791): 1(2.718323), 
16(435044): 1(0.414223), 
17(434252): 1(0.516154), 
18(143589): 0(0.729147), 
19(18596): 
20(440776): 
21(36535): 0(0.651637), 
22(166267): 0(3.129417), 
23(470842): 
24(10584): 0(0.499446), 
25(328351): 
26(109368): 
27(530243): 0(0.413406), 
28(546164): 
29(213711): 
30(286297): 
31(435438): 
32(445963): 0(0.655853), 
33(9179): 
34(65691): 
35(182215): 0(0.839827), 
36(548146): 
37(435050): 
38(4177): 
39(222047): 0(0.551420), 
40(91722): 0(0.703942), 
41(70924): 
42(33678): 
