0(7933): 0(0.591960), 1(0.591960), 
1(472771): 0(0.878579), 1(0.878579), 
2(52879): 0(0.545113), 1(0.545113), 
3(102398): 0(0.725375), 1(0.725375), 
4(497625): 0(0.569709), 1(0.569709), 
5(127074): 0(0.662032), 1(0.662032), 
6(196165): 0(0.926447), 1(0.926447), 
7(205831): 0(0.557332), 1(0.557332), 
8(282034): 2(0.601537), 
9(382206): 2(1.516154), 
10(16714): 2(0.665186), 
11(341768): 2(1.493020), 
12(516440): 2(0.503426), 
13(37345): 2(0.789329), 
14(433499): 2(0.783166), 
15(165039): 0(0.479126), 1(0.479126), 2(0.519599), 
16(366000): 2(0.800878), 
17(73991): 0(0.630852), 1(0.630852), 
18(266126): 2(0.449617), 
19(77749): 0(0.600095), 1(0.600095), 
20(329117): 
21(190124): 
22(320467): 
23(115587): 
24(182913): 
25(20070): 2(0.588272), 
26(257703): 2(0.601544), 
27(457659): 2(0.602486), 
28(481690): 2(0.589495), 
29(15292): 2(0.548737), 
30(282762): 
31(180692): 
32(46754): 
33(251441): 
34(322012): 
