0(394046): 
1(13905): 
2(489415): 
3(44450): 0(0.925516), 1(0.925516), 2(0.925516), 3(0.925516), 4(0.925516), 5(0.925516), 
4(73933): 0(1.579186), 1(1.579186), 2(1.579186), 3(1.579186), 4(1.579186), 5(1.579186), 
5(428193): 0(1.489572), 1(1.489572), 2(1.489572), 3(1.489572), 4(1.489572), 5(1.489572), 
6(428498): 0(0.548190), 1(0.548190), 2(0.548190), 3(0.548190), 4(0.548190), 5(0.548190), 
7(73934): 
8(446022): 
9(322297): 
10(32446): 
11(337274): 
12(307045): 6(3.157103), 7(3.157103), 
13(376511): 6(2.481812), 7(2.481812), 
14(71674): 6(0.463511), 7(0.463511), 
15(74795): 6(11.736681), 7(11.736681), 
16(485510): 6(0.587996), 7(0.587996), 
17(162362): 
18(73927): 6(0.586987), 7(0.586987), 
19(274305): 
20(73912): 
21(73938): 0(0.979979), 1(0.979979), 2(0.979979), 3(0.979979), 4(0.979979), 5(0.979979), 
22(73929): 
23(231748): 
24(489424): 
25(256938): 
26(283470): 
27(493980): 
28(478116): 
29(469094): 
30(469095): 
31(153391): 
32(469135): 
33(530720): 
34(453478): 
35(445204): 
36(536410): 
37(469140): 
38(479422): 
39(469079): 
40(152543): 
41(220460): 
42(439554): 
