0(205753): 
1(120216): 0(7.779042), 
2(514234): 0(0.441414), 1(14.683554), 
3(144759): 0(8.610602), 
4(96570): 0(6.951176), 
5(170852): 0(1.623814), 
6(155547): 
7(101887): 3(3.067923), 
8(522052): 2(3.651808), 
9(334949): 3(2.326441), 
10(138082): 2(3.129932), 
11(282030): 2(2.214159), 
12(490663): 3(0.288193), 
13(242922): 3(2.205694), 
14(77207): 3(1.525210), 
15(267488): 3(2.244112), 
16(478239): 
17(54592): 2(1.318766), 
18(334702): 2(1.247229), 3(0.394814), 
19(154531): 2(0.855643), 
20(502957): 
21(449271): 2(1.838086), 
22(523122): 
23(148667): 
24(543383): 
25(470241): 
26(29420): 
27(332625): 
28(30231): 2(0.694916), 3(0.848396), 
29(534183): 
30(31816): 
31(493688): 
32(183335): 
33(471504): 
34(295712): 
35(68266): 
36(327230): 2(1.776117), 
37(255998): 
38(153667): 
39(302934): 
40(421055): 
41(524835): 2(0.683443), 
42(303224): 
43(17709): 
44(99737): 
45(266875): 
46(110845): 2(0.385789), 
47(323681): 
48(447132): 
49(518779): 
50(291353): 
51(250473): 
52(89482): 
53(174042): 3(0.289377), 
54(385452): 
55(143298): 
56(214971): 
57(148815): 3(0.289544), 
58(28177): 
59(387927): 
60(406316): 
61(192753): 
62(430917): 3(0.289386), 
63(93050): 3(0.289391), 
64(526279): 3(0.289605), 
65(267589): 3(0.288136), 
66(399472): 3(0.289442), 
67(237412): 3(0.288185), 
68(113814): 3(0.288312), 
69(303820): 
70(492019): 
71(54426): 
72(362794): 
73(22687): 
74(62052): 
75(335207): 
76(145667): 0(0.365045), 
77(241881): 0(1.568577), 1(13.087273), 
78(439926): 0(2.247455), 
79(323839): 1(0.338118), 
80(388820): 1(2.335571), 
81(502220): 1(5.814804), 
82(251270): 1(8.773709), 
83(207318): 
84(356552): 
85(418859): 
86(513584): 
87(145796): 
88(190037): 
89(276303): 
90(323234): 
91(514938): 0(0.364600), 
92(122110): 
93(95025): 0(0.364150), 
94(22383): 
95(220940): 0(0.364884), 
96(343273): 
97(245861): 1(0.331679), 
98(51130): 1(0.338418), 
99(520043): 1(2.123606), 
100(544881): 
101(173982): 
102(491704): 
