0(97659): 5(0.945951), 
1(544728): 5(0.545772), 
2(544141): 4(0.583284), 
3(249269): 5(1.572655), 
4(544732): 5(0.776851), 
5(544731): 
6(546017): 1(20.114252), 
7(172383): 1(2.890744), 
8(547836): 4(4.306938), 
9(544729): 0(7.570281), 
10(222158): 4(2.658244), 
11(547392): 0(27.127307), 
12(547394): 0(0.637170), 4(0.990057), 
13(136464): 
14(547009): 0(14.055343), 
15(544734): 0(0.747493), 
16(544730): 4(0.546829), 
17(544727): 0(0.664168), 
18(545972): 4(1.400742), 
19(547393): 0(2.453190), 
20(544726): 0(6.229354), 
21(146773): 5(1.013364), 
22(545209): 1(2.581968), 
23(546391): 1(2.424694), 
24(545210): 1(1.386813), 
25(276506): 3(0.544063), 
26(170304): 
27(472720): 2(0.787395), 3(0.539624), 
28(547600): 2(4.569880), 
29(547409): 2(1.543175), 3(0.684585), 
30(76908): 2(0.426543), 3(0.649745), 
31(547411): 2(4.296934), 
32(547410): 2(1.961008), 
33(224705): 
34(548418): 2(3.879290), 
35(548190): 3(1.939036), 
36(262393): 3(1.483820), 
37(546255): 3(0.605001), 
38(546322): 3(1.051244), 
39(546016): 3(0.746426), 
40(547250): 3(0.860721), 
41(545730): 3(0.479469), 
42(545507): 
43(547574): 3(0.598821), 
44(548188): 3(0.461073), 
45(548445): 3(0.461836), 
46(544719): 5(2.186082), 
47(54446): 
48(544513): 
49(477661): 
