0(544391): 
1(88867): 1(0.240263), 2(0.240263), 
2(15554): 1(0.266735), 2(0.266735), 
3(377393): 
4(296660): 1(0.294049), 2(0.294049), 
5(439553): 1(0.310439), 2(0.310439), 
6(123533): 1(0.380605), 2(0.380605), 
7(83252): 1(0.243373), 2(0.243373), 
8(92920): 1(0.268591), 2(0.268591), 
9(73966): 1(0.240160), 2(0.240160), 
10(504364): 1(0.323520), 2(0.323520), 
11(157915): 
12(147977): 
13(14567): 
14(8926): 
15(332123): 
16(512705): 
17(327740): 1(0.212862), 2(0.212862), 
18(107930): 
19(505559): 1(0.326413), 2(0.326413), 
20(121262): 
21(412972): 
22(48359): 1(0.268549), 2(0.268549), 
23(60779): 
24(40318): 
25(474184): 1(0.242518), 2(0.242518), 
26(419830): 1(0.291025), 2(0.291025), 
27(465101): 
28(433145): 
29(454538): 1(0.324772), 2(0.324772), 
30(153173): 
31(184707): 
32(119275): 
33(183951): 1(0.270149), 2(0.270149), 
34(168608): 
35(2625): 
36(164151): 1(0.209049), 2(0.209049), 
37(395771): 1(0.289331), 2(0.289331), 
38(492176): 
39(423124): 1(0.236301), 2(0.236301), 
40(316031): 
41(531007): 
42(10997): 1(0.425036), 2(0.425036), 
43(351358): 1(0.215251), 2(0.215251), 
44(405648): 
45(319052): 1(0.263925), 2(0.263925), 
46(63483): 
47(533484): 
48(5338): 
49(245970): 1(0.260399), 2(0.260399), 
50(309070): 
51(431758): 
52(541359): 
53(534192): 
54(88974): 
55(173221): 
56(126713): 
57(220148): 
58(423708): 
59(371893): 
60(315743): 
61(52895): 
62(271345): 
63(198181): 
64(433665): 
65(385756): 
66(492399): 
67(42819): 
68(185630): 
69(191745): 
70(213689): 
71(281663): 
72(74666): 
73(129562): 
74(184528): 
75(428970): 
76(526588): 
77(520858): 
78(343898): 
79(217000): 
80(105394): 1(0.240662), 2(0.240662), 
81(522223): 1(0.269362), 2(0.269362), 
82(99335): 
83(248193): 
84(425261): 
85(184010): 1(0.240900), 2(0.240900), 
86(497950): 
87(246810): 1(0.241309), 2(0.241309), 
88(509523): 1(0.239804), 2(0.239804), 
89(280134): 
90(188991): 
91(344237): 
92(147760): 
93(265286): 
94(21532): 
95(258433): 
96(85570): 
97(467711): 
98(71292): 
99(444736): 
100(491586): 
101(535723): 
102(265474): 
103(47559): 
104(362223): 
105(343067): 1(0.333592), 2(0.333592), 
106(476031): 
107(376352): 1(0.308028), 2(0.308028), 
108(42921): 0(1.067173), 
109(471591): 
110(533970): 
111(244947): 
112(29201): 
113(497880): 
114(98354): 1(0.214978), 2(0.214978), 
115(130619): 
116(392256): 
117(450482): 
118(434007): 
119(493039): 
120(223185): 
121(248492): 1(0.242359), 2(0.242359), 
122(79227): 
123(193587): 
124(27137): 
125(254441): 
126(150430): 
127(6971): 
128(293867): 
129(186253): 
130(356693): 
131(394033): 
132(537524): 0(0.947490), 
133(169464): 0(2.063242), 
134(525304): 0(1.817189), 
135(89408): 0(0.679795), 
136(144994): 0(1.732003), 
137(19877): 0(1.805061), 
138(272733): 
139(324898): 
140(465985): 0(0.448985), 
141(234028): 0(1.231150), 
142(8003): 0(0.688158), 
143(198073): 
144(180642): 
145(493381): 
146(355265): 
147(302081): 
148(527703): 
149(38476): 
150(162584): 
151(45769): 0(0.378012), 
152(361437): 
