0 544391
1 88867
2 15554
3 377393
4 296660
5 439553
6 123533
7 83252
8 92920
9 73966
10 504364
11 157915
12 147977
13 14567
14 8926
15 332123
16 512705
17 327740
18 107930
19 505559
20 121262
21 412972
22 48359
23 60779
24 40318
25 474184
26 419830
27 465101
28 433145
29 454538
30 153173
31 184707
32 119275
33 183951
34 168608
35 2625
36 164151
37 395771
38 492176
39 423124
40 316031
41 531007
42 10997
43 351358
44 405648
45 319052
46 63483
47 533484
48 5338
49 245970
50 309070
51 431758
52 541359
53 534192
54 88974
55 173221
56 126713
57 220148
58 423708
59 371893
60 315743
61 52895
62 271345
63 198181
64 433665
65 385756
66 492399
67 42819
68 185630
69 191745
70 213689
71 281663
72 74666
73 129562
74 184528
75 428970
76 526588
77 520858
78 343898
79 217000
80 105394
81 522223
82 99335
83 248193
84 425261
85 184010
86 497950
87 246810
88 509523
89 280134
90 188991
91 344237
92 147760
93 265286
94 21532
95 258433
96 85570
97 467711
98 71292
99 444736
100 491586
101 535723
102 265474
103 47559
104 362223
105 343067
106 476031
107 376352
108 42921
109 471591
110 533970
111 244947
112 29201
113 497880
114 98354
115 130619
116 392256
117 450482
118 434007
119 493039
120 223185
121 248492
122 79227
123 193587
124 27137
125 254441
126 150430
127 6971
128 293867
129 186253
130 356693
131 394033
132 537524
133 169464
134 525304
135 89408
136 144994
137 19877
138 272733
139 324898
140 465985
141 234028
142 8003
143 198073
144 180642
145 493381
146 355265
147 302081
148 527703
149 38476
150 162584
151 45769
152 361437
