0(537574): 0(7.236989), 1(7.236989), 2(7.236989), 
1(172515): 0(8.674092), 1(8.674092), 2(8.674092), 
2(261897): 
3(501512): 
4(503142): 
5(524713): 
6(152623): 0(9.954674), 1(9.954674), 2(9.954674), 
7(251888): 
8(480016): 
9(508151): 
10(224878): 
11(518809): 
12(75966): 
13(371052): 
14(436219): 
15(531909): 0(6.460238), 1(6.460238), 2(6.460238), 
16(336439): 
17(526119): 
18(246707): 0(12.534522), 1(12.534522), 2(12.534522), 
19(351088): 
20(51511): 
21(510977): 
22(156415): 
23(520180): 
24(398396): 
25(247691): 
26(98162): 
27(339063): 
28(452415): 
