0(425051): 
1(523042): 2(0.046504), 3(0.046504), 
2(368237): 
3(313849): 1(0.068159), 
4(214824): 1(0.506357), 
5(494072): 1(0.041562), 
6(520089): 1(0.162233), 
7(246890): 1(0.053130), 
8(43522): 1(0.067066), 
9(325225): 1(0.042378), 
10(145752): 2(0.060661), 3(0.060661), 
11(360360): 2(0.035939), 3(0.035939), 
12(461930): 2(0.072075), 3(0.072075), 
13(423355): 2(0.134058), 3(0.134058), 
14(242814): 2(0.272282), 3(0.272282), 
15(199328): 2(0.060578), 3(0.060578), 
16(228050): 
17(59399): 
18(504343): 
19(456539): 
20(513558): 1(0.034205), 
21(390380): 1(0.725920), 
22(32233): 1(0.042691), 
23(256397): 1(0.128954), 
24(344583): 1(0.092843), 
25(148731): 1(0.054466), 
26(435225): 
27(288927): 
28(541817): 
29(538540): 
30(239901): 
31(264475): 
32(314416): 
33(73464): 
34(239513): 
35(220181): 1(0.988970), 
36(346321): 1(0.035107), 
37(349482): 1(0.153373), 
38(217750): 1(0.070525), 
39(321974): 1(0.224596), 
40(299314): 1(0.058355), 
41(420223): 1(0.190463), 
42(118848): 
43(104549): 1(0.035250), 
44(305638): 1(0.070517), 
45(64410): 1(0.034057), 
46(25722): 
47(544214): 
48(126854): 1(0.068223), 
49(268667): 1(0.046184), 
50(423779): 
51(3646): 1(0.046299), 
52(196027): 1(0.045640), 
53(490451): 1(0.080094), 
54(39421): 1(0.039605), 
55(326916): 1(0.165508), 
56(450005): 1(0.033778), 
57(88246): 
58(310295): 1(0.057944), 
59(472448): 1(0.057756), 
60(542120): 
61(394195): 1(0.323672), 
62(244635): 
63(482971): 1(0.044495), 
64(327269): 1(0.361039), 
65(291985): 
66(406223): 1(0.105078), 
67(192569): 
68(43786): 
69(320371): 1(0.045777), 
70(430511): 
71(254052): 1(0.058282), 
72(439615): 1(0.044958), 
73(346847): 1(0.068817), 
74(463952): 1(0.034210), 
75(218393): 1(0.034041), 
76(249307): 1(0.070235), 
77(138948): 1(0.058161), 
78(176636): 1(0.035249), 
79(302241): 1(0.080973), 
80(537805): 1(0.057530), 
81(33435): 1(0.068486), 
82(113227): 1(0.116957), 
83(515295): 1(0.046625), 
84(322174): 1(0.046438), 
85(530655): 1(0.045366), 
86(483000): 1(0.046525), 
87(21011): 1(0.058173), 
88(291350): 
89(23434): 1(0.091897), 
90(295111): 1(0.080583), 
91(197069): 1(0.129141), 
92(403825): 1(0.067770), 
93(394541): 1(0.058651), 
94(351133): 1(0.047029), 
95(34191): 1(0.073837), 
96(149543): 
97(343717): 
98(520440): 1(0.115959), 
99(408530): 1(0.151704), 
100(285728): 1(0.046871), 
101(4423): 
102(31582): 1(0.129522), 
103(299382): 1(0.093242), 
104(106608): 1(0.043668), 
105(419455): 1(0.058412), 
106(537255): 
107(245150): 
108(237291): 1(0.233108), 
109(155068): 1(0.057648), 
110(208320): 1(0.189178), 
111(136085): 1(0.046008), 
112(146104): 1(0.117202), 
113(69411): 1(0.043556), 
114(143640): 1(0.069941), 
115(69649): 1(0.069614), 
116(185102): 
117(266660): 
118(309965): 2(0.034193), 3(0.034193), 
119(532292): 
120(140149): 
121(526447): 
122(404707): 
123(72420): 0(0.083222), 
124(195681): 0(0.338105), 
125(30498): 0(0.060271), 
126(278687): 0(0.092611), 
127(288688): 0(0.034400), 
128(167829): 0(0.093180), 
129(230138): 0(0.044992), 
130(512974): 0(0.091909), 
131(341533): 2(0.034873), 3(0.034873), 
132(291033): 2(0.034880), 3(0.034880), 
133(223763): 2(0.134846), 3(0.134846), 
134(197222): 2(0.042204), 3(0.042204), 
135(26377): 1(0.052680), 
136(312431): 1(0.055048), 
137(229801): 
138(527783): 1(0.191930), 
139(284754): 
140(486306): 
141(140145): 
142(538536): 
143(538542): 
144(538535): 
145(538538): 
146(26375): 1(0.127361), 
147(227035): 1(0.103605), 
148(522175): 1(0.091861), 
149(121992): 1(0.103680), 
150(340316): 1(0.044692), 
151(518576): 1(0.057469), 
152(364505): 
153(346500): 1(0.045225), 
154(229871): 1(0.115660), 
155(131696): 1(0.044984), 
156(486128): 1(0.139725), 
157(71978): 1(0.068310), 
158(374933): 
159(217497): 
160(342242): 
161(338918): 
162(226216): 
163(140140): 
164(538537): 
165(538539): 
166(524653): 
167(452799): 
168(73508): 
169(182747): 
170(82881): 
171(89799): 
172(140143): 
173(354299): 
174(331167): 
175(360711): 
176(384590): 
177(100369): 7(0.111556), 
178(30595): 7(0.622023), 
179(224656): 7(0.422034), 
180(202404): 7(0.338709), 
181(165774): 2(0.036077), 3(0.036077), 
182(238864): 2(0.110282), 3(0.110282), 
183(165806): 2(0.147434), 3(0.147434), 
184(335360): 2(0.073110), 3(0.073110), 
185(193357): 1(0.079891), 
186(363130): 1(0.282811), 
187(533616): 1(0.089598), 
188(166286): 1(0.056310), 
189(191358): 1(0.044756), 
190(296176): 1(0.064538), 
191(70783): 
192(78355): 1(0.135910), 
193(231674): 1(0.091454), 
194(117317): 1(0.199174), 
195(187659): 1(0.057235), 
196(205543): 1(0.209832), 
197(180558): 1(0.052789), 
198(309501): 
199(433928): 1(0.057704), 
200(491717): 1(0.034220), 
201(80831): 1(0.080318), 
202(51262): 2(0.046862), 3(0.046862), 
203(75430): 
204(33671): 2(0.109676), 3(0.109676), 
205(270370): 2(0.084871), 3(0.084871), 
206(408289): 2(0.034280), 3(0.034280), 
207(19391): 1(0.102362), 
208(523310): 1(0.033790), 
209(542213): 1(0.033750), 
210(61804): 1(0.151494), 
211(351599): 1(0.068883), 
212(203225): 1(0.188890), 
213(6459): 1(0.057413), 
214(548237): 1(0.234012), 
215(12973): 
216(12970): 
217(45253): 0(0.055073), 
218(130682): 0(0.055066), 
219(231069): 0(0.172009), 
220(536824): 
221(56035): 
222(165414): 
223(505213): 
224(483802): 
225(126564): 
226(398719): 
227(150732): 
228(416965): 1(0.134422), 
229(213573): 
230(493845): 
231(295209): 
232(521225): 
233(542237): 
234(542236): 
235(343): 
236(321136): 
237(64552): 
238(277145): 
239(83131): 
240(228586): 
241(312597): 
242(106272): 
243(100690): 
244(180562): 2(0.035691), 3(0.035691), 
245(477567): 2(0.044705), 3(0.044705), 
246(141064): 2(0.058347), 3(0.058347), 
247(483204): 2(0.407399), 3(0.407399), 
248(218968): 0(0.059455), 
249(70877): 0(0.130058), 
250(233417): 0(0.059007), 
251(310265): 0(0.059382), 
252(537757): 0(0.307593), 
253(293275): 0(0.156346), 
254(39107): 
255(486966): 
256(170095): 
257(73080): 2(0.036554), 3(0.036554), 
258(103558): 2(0.262987), 3(0.262987), 
259(273077): 2(0.123092), 3(0.123092), 
260(211413): 
261(518908): 1(0.126978), 
262(363475): 1(0.161965), 
263(83436): 1(0.077807), 
264(411989): 
265(10460): 1(0.085641), 
266(393881): 0(0.054992), 
267(493647): 0(0.044255), 
268(504556): 0(0.084309), 
269(338822): 
270(144815): 0(0.071660), 
271(25100): 1(0.245194), 
272(64080): 
273(16676): 1(0.057265), 
274(17320): 1(0.209821), 
275(248062): 1(0.115791), 
276(292298): 1(0.080592), 
277(330664): 1(0.079944), 
278(409464): 1(0.092719), 
279(96557): 
280(433012): 
281(311455): 
282(201933): 
283(277911): 2(0.047107), 3(0.047107), 
284(446066): 2(0.035148), 3(0.035148), 
285(123087): 2(0.086288), 3(0.086288), 
286(485044): 2(0.035147), 3(0.035147), 
287(52174): 2(0.059701), 3(0.059701), 
288(348773): 0(0.047944), 
289(500171): 0(0.118575), 
290(516484): 0(0.219955), 
291(304776): 0(0.158616), 
292(418904): 0(0.156637), 
293(150399): 1(0.054510), 
294(150431): 
295(490741): 1(0.043461), 
296(179924): 1(0.099666), 
297(203541): 
298(80692): 1(0.090380), 
299(44508): 
300(169570): 
301(28804): 
302(545051): 
303(146974): 
304(127323): 
305(169566): 
306(169565): 
307(538092): 
308(253934): 
309(127328): 
310(104106): 
311(253933): 
312(531908): 
313(28793): 
314(28794): 
315(127320): 
316(253939): 
317(504762): 1(0.045772), 
318(122208): 1(0.236907), 
319(502796): 1(0.057410), 
320(358096): 1(0.080518), 
321(312641): 1(0.055138), 
322(170738): 1(0.089723), 
323(476757): 0(0.039663), 1(0.052391), 
324(72555): 1(0.051942), 
325(308780): 1(0.078058), 
326(509421): 
327(310884): 
328(277950): 0(0.034556), 
329(526498): 0(0.033757), 
330(162806): 0(0.232058), 
331(88159): 
332(320896): 
333(109091): 
334(209307): 
335(74873): 
336(215780): 1(0.058551), 
337(186851): 1(0.274231), 
338(474577): 1(0.361650), 
339(224614): 1(0.127687), 
340(261496): 1(0.164850), 
341(497025): 1(0.202570), 
342(416510): 0(0.049398), 
343(502784): 0(1.522817), 
344(136011): 0(0.389265), 
345(75075): 0(0.248925), 1(0.034959), 
346(454588): 0(0.311470), 
347(93436): 
348(374057): 
349(450789): 
350(181152): 
351(130478): 0(0.728217), 
352(404870): 
353(3237): 1(0.112350), 
354(673): 1(0.171892), 
355(165597): 
356(545396): 
357(235147): 7(0.224582), 
358(257654): 7(0.185448), 
359(53233): 7(0.382171), 
360(28933): 7(0.341700), 
361(324169): 7(0.145832), 
362(249040): 7(0.184171), 
363(306599): 7(0.262793), 
364(13608): 0(0.056702), 
365(441302): 0(0.033937), 
366(356559): 0(0.034001), 
367(454887): 0(0.033973), 
368(491113): 0(0.056661), 
369(59288): 0(0.230262), 
370(154094): 0(0.061026), 
371(339638): 0(0.172416), 
372(62274): 0(0.934256), 
373(255423): 0(0.097575), 
374(65652): 1(0.057498), 
375(221936): 1(0.091699), 
376(106656): 1(0.069313), 
377(212006): 1(0.202522), 
378(208833): 1(0.093395), 
379(119581): 1(0.237659), 
380(65656): 1(0.178460), 
381(220569): 1(0.642866), 
382(219916): 1(0.058936), 
383(212008): 1(0.312165), 
384(544629): 1(0.058943), 
385(303717): 1(0.059206), 
386(548129): 1(0.058934), 
387(361627): 1(0.059132), 
388(438304): 1(0.059056), 
389(205709): 1(0.410894), 
390(297840): 1(0.058921), 
391(119582): 1(0.262273), 
392(546791): 1(0.250843), 
393(346515): 1(0.058765), 
394(533118): 1(0.058928), 
395(181767): 0(0.130475), 
396(78440): 0(0.084017), 
397(378623): 
398(306359): 
399(47733): 0(0.071882), 
400(6492): 0(0.109369), 
401(249807): 0(0.046399), 
402(491971): 
403(182972): 0(0.133387), 
404(340889): 0(0.071903), 
405(94580): 0(0.119614), 
406(460771): 0(0.059689), 
407(220302): 1(0.088248), 
408(198381): 0(0.220766), 1(0.052105), 
409(406709): 1(0.066953), 
410(334731): 1(0.043674), 
411(335502): 1(0.055218), 
412(147768): 1(0.043949), 
413(294197): 1(0.048551), 
414(149945): 
415(279938): 0(0.044427), 
416(378668): 
417(351742): 1(0.039899), 
418(506824): 1(0.063428), 
419(155709): 
420(529162): 1(0.309188), 
421(189303): 1(0.210333), 
422(165600): 
423(545395): 
424(330100): 1(0.058562), 
425(332748): 1(0.262771), 
426(512672): 1(0.202626), 
427(74950): 1(0.153717), 
428(463625): 1(0.422729), 
429(152558): 2(0.132148), 3(0.132148), 
430(485039): 
431(147351): 
432(494062): 2(0.071169), 3(0.071169), 
433(67096): 2(0.045056), 3(0.045056), 
434(64140): 2(0.034614), 3(0.034614), 
435(426355): 
436(316748): 2(0.035024), 3(0.035024), 
437(301787): 
438(216374): 
439(366912): 2(0.034615), 3(0.034615), 
440(500696): 
441(181014): 0(0.047520), 
442(281819): 0(0.209393), 
443(295481): 0(0.070941), 
444(164410): 0(0.193569), 
445(308290): 0(0.117841), 
446(106358): 1(0.049614), 
447(46208): 
448(221698): 2(0.248740), 3(0.248740), 
449(10203): 
450(262438): 
451(76068): 1(0.045515), 
452(111539): 
453(312643): 
454(174462): 0(0.090367), 
455(460035): 0(0.217176), 
456(348970): 
457(80662): 
458(245161): 
459(300396): 
460(186682): 
461(75728): 
462(162187): 0(0.109049), 
463(450564): 
464(386185): 
465(121231): 1(0.043762), 
466(83207): 1(0.054382), 
467(523966): 1(0.065168), 
468(449520): 1(0.074618), 
469(406626): 1(0.054806), 
470(56054): 
471(114347): 0(0.361494), 
472(241521): 0(0.039000), 
473(290544): 
474(32798): 
475(134780): 0(0.043118), 
476(397413): 
477(537377): 2(0.084322), 3(0.084322), 
478(372039): 
479(162582): 
480(204547): 
481(522528): 
482(358614): 
483(125522): 
484(389916): 0(0.069056), 
485(21037): 
486(434126): 
487(397345): 
488(467007): 
489(271557): 
490(140146): 
491(16703): 0(0.049492), 
492(211060): 0(0.687154), 
493(462540): 0(0.651797), 
494(272015): 0(0.807908), 
495(465969): 0(0.246568), 2(0.036376), 3(0.036376), 
496(116302): 2(0.036252), 3(0.036252), 
497(140917): 2(0.120652), 3(0.120652), 
498(67750): 2(0.097537), 3(0.097537), 
499(26157): 0(0.059142), 
500(259879): 0(0.083627), 
501(4649): 0(0.118640), 
502(26075): 0(0.319718), 
503(133618): 0(0.059133), 
504(494266): 0(0.059173), 
505(141549): 
506(368610): 2(0.045407), 3(0.045407), 
507(121111): 
508(193459): 2(0.045640), 3(0.045640), 
509(133414): 2(0.047663), 3(0.047663), 
510(180471): 2(0.073706), 3(0.073706), 
511(298199): 2(0.060664), 3(0.060664), 
512(65579): 1(0.066411), 
513(81331): 2(0.057657), 3(0.057657), 
514(481917): 2(0.058849), 3(0.058849), 
515(269493): 1(0.054884), 
516(526367): 2(0.035482), 3(0.035482), 
517(501349): 
518(328093): 2(0.046887), 3(0.046887), 
519(57613): 0(0.036002), 
520(508246): 0(0.336092), 
521(161629): 0(0.097600), 
522(364022): 0(0.648341), 
523(511182): 1(0.045341), 
524(431091): 1(0.056217), 
525(60420): 1(0.052637), 
526(334616): 
527(426313): 
528(54644): 
529(293538): 
530(259047): 
531(70583): 0(0.041613), 
532(500196): 
533(60154): 
534(432572): 
535(43509): 0(0.045233), 
536(533864): 0(0.056088), 
537(398276): 0(0.039396), 
538(81443): 
539(276990): 0(0.169872), 
540(270019): 
541(452186): 0(0.095845), 
542(273025): 0(0.072060), 
543(110131): 0(0.130615), 
544(230096): 0(0.036057), 
545(103661): 0(0.061302), 
546(123930): 0(0.411789), 
547(488772): 0(0.047965), 
548(459464): 0(0.059883), 
549(152473): 0(0.051338), 
550(74376): 0(0.047928), 
551(378015): 0(0.047871), 
552(314036): 0(0.072167), 
553(27347): 0(0.114903), 
554(493495): 
555(82549): 
556(231528): 
557(57643): 
558(45847): 
559(300044): 
560(49060): 0(0.061861), 
561(122893): 0(0.173046), 
562(348571): 0(0.109198), 
563(427724): 0(0.195973), 
564(59711): 0(0.109045), 
565(363964): 0(0.096310), 
566(263318): 0(0.171103), 
567(451626): 0(0.060056), 
568(313220): 0(0.120677), 
569(109087): 0(0.096432), 
570(283317): 0(0.059666), 
571(425683): 0(0.084047), 
572(82538): 0(0.046612), 
573(57523): 0(0.084213), 
574(518289): 0(0.086136), 
575(540370): 0(0.047230), 
576(123436): 0(0.285570), 
577(220239): 0(0.048296), 
578(147895): 0(0.531324), 
579(345375): 0(0.034563), 
580(501444): 0(0.673081), 
581(358299): 7(0.184798), 
582(230802): 7(0.299822), 
583(341446): 7(0.301322), 
584(223097): 7(0.109383), 
585(437287): 7(0.185396), 
586(213972): 7(0.147750), 
587(190023): 
588(537171): 
589(90874): 
590(362383): 
591(311958): 
592(157452): 2(0.110973), 3(0.110973), 
593(384505): 2(0.047087), 3(0.047087), 
594(499462): 
595(344936): 
596(422066): 1(0.055576), 
597(21535): 1(0.067750), 
598(445972): 1(0.067753), 
599(398279): 1(0.055587), 
600(26623): 1(0.055574), 
601(5131): 1(0.055573), 
602(101452): 2(0.147766), 3(0.147766), 
603(396013): 
604(477854): 2(0.136800), 3(0.136800), 
605(13003): 2(0.211469), 3(0.211469), 7(0.043011), 
606(520294): 2(0.043695), 3(0.043695), 7(0.088346), 
607(452019): 2(0.061746), 3(0.061746), 
608(231163): 
609(501181): 
610(430358): 2(0.061739), 3(0.061739), 
611(69859): 2(0.245569), 3(0.245569), 7(0.091704), 
612(33556): 2(0.086335), 3(0.086335), 
613(148956): 2(0.061706), 3(0.061706), 
614(20990): 2(0.039895), 3(0.039895), 7(0.062109), 
615(459267): 
616(521165): 
617(284323): 
618(175587): 
619(19339): 
620(78630): 0(0.116192), 
621(378809): 
622(334269): 
623(468102): 
624(109): 
625(176507): 2(0.048188), 3(0.048188), 
626(378941): 2(0.831327), 3(0.831327), 
627(60460): 0(0.558048), 
628(414695): 0(0.719720), 
629(149140): 
630(218419): 
631(128060): 
632(114756): 
633(206831): 
634(177851): 
635(103379): 
636(406970): 
637(38213): 2(0.034705), 3(0.034705), 
638(374917): 2(0.045210), 3(0.045210), 
639(364245): 
640(492857): 0(0.069607), 
641(91989): 
642(541648): 
643(116580): 0(0.046435), 
644(345504): 0(0.056563), 
645(439600): 0(0.069597), 
646(24889): 0(0.056035), 
647(55690): 0(0.095592), 
648(47411): 
649(201941): 
650(314268): 0(0.043490), 
651(441360): 
652(29120): 
653(223927): 
654(384234): 
655(387504): 
656(347578): 
657(513169): 
658(93530): 
659(506460): 
660(248729): 2(0.095751), 3(0.095751), 
661(328641): 
662(260004): 
663(382301): 
664(12479): 
665(534739): 
666(309732): 
667(118886): 
668(190973): 
669(113172): 
670(122894): 1(0.095204), 
671(513429): 0(0.038548), 1(0.076529), 
672(523936): 2(0.036186), 3(0.036186), 
673(318882): 2(0.060824), 3(0.060824), 
674(527321): 
675(214833): 2(0.082125), 3(0.082125), 
676(189813): 
677(222498): 2(0.048280), 3(0.048280), 
678(125939): 1(0.146782), 2(0.060995), 3(0.060995), 
679(18173): 2(0.912801), 3(0.912801), 
680(175522): 
681(67710): 1(0.438234), 2(0.142668), 3(0.142668), 
682(255103): 0(0.269806), 
683(157936): 
684(393087): 0(0.046950), 
685(394866): 0(0.047504), 
686(4068): 0(0.071420), 
687(87608): 0(0.033987), 
688(103582): 0(0.082034), 
689(489334): 0(0.095529), 
690(418270): 0(0.047450), 
691(168572): 0(0.071275), 
692(285438): 0(0.067641), 
693(202556): 0(0.048369), 
694(94324): 0(0.035276), 
695(211337): 0(0.108305), 
696(178082): 0(0.066566), 
697(185056): 0(0.069548), 
698(160049): 0(0.058157), 
699(128262): 0(0.046589), 
700(85992): 0(0.068643), 
701(118909): 0(0.181353), 
702(73615): 0(0.059096), 
703(514553): 0(0.083365), 
704(526511): 0(0.047647), 
705(491720): 2(0.157888), 3(0.157888), 
706(202593): 
707(227916): 2(0.060997), 3(0.060997), 
708(120344): 1(0.054214), 
709(163035): 2(0.048466), 3(0.048466), 
710(527603): 2(0.035901), 3(0.035901), 
711(523986): 2(0.035411), 3(0.035411), 
712(389383): 
713(272979): 
714(422640): 
715(209785): 1(0.042945), 
716(262833): 2(0.123418), 3(0.123418), 
717(301200): 2(0.034625), 3(0.034625), 
718(339270): 2(0.044785), 3(0.044785), 
719(539835): 2(0.071089), 3(0.071089), 
720(354743): 2(0.034623), 3(0.034623), 
721(400751): 
722(409906): 
723(332349): 0(0.071339), 
724(383211): 0(0.059718), 
725(111698): 0(0.121028), 
726(34207): 0(0.034606), 1(0.043065), 
727(539923): 
728(2229): 0(0.196156), 
729(479924): 
730(339647): 
731(64904): 
732(43212): 1(0.138532), 
733(544630): 1(0.052800), 
734(227655): 
735(169152): 
736(303389): 
737(64458): 1(0.103982), 
738(253945): 1(0.151640), 
739(49058): 1(0.044521), 
740(177517): 1(0.092137), 
741(83320): 1(0.068893), 
742(160090): 1(0.045313), 
743(103058): 1(0.104207), 
744(152323): 1(0.080461), 
745(353941): 1(0.057083), 
746(81316): 1(0.080467), 
747(404192): 1(0.033864), 
748(397306): 1(0.055589), 
749(218954): 1(0.337310), 2(0.072705), 3(0.072705), 
750(152823): 
751(43314): 2(0.159849), 3(0.159849), 
752(74146): 2(0.184743), 3(0.184743), 
753(219699): 2(0.072703), 3(0.072703), 
754(134342): 
755(188706): 0(0.054398), 
756(64097): 0(0.057324), 
757(211959): 1(0.058829), 
758(487864): 1(0.285379), 
759(418108): 
760(192114): 1(0.292032), 
761(33247): 0(0.361400), 
762(231843): 7(0.110286), 
763(403071): 7(0.258619), 
764(391504): 
765(19994): 
766(68489): 
767(138196): 
768(351915): 
769(113616): 
770(233085): 
771(44791): 7(0.035830), 
772(356172): 2(0.180723), 3(0.180723), 
773(83974): 7(0.330779), 
774(295142): 
775(59090): 
776(305422): 
777(220812): 
778(132025): 2(0.106064), 3(0.106064), 
779(134169): 
780(383483): 0(0.079903), 
781(111519): 0(0.092274), 
782(250974): 
783(160391): 2(0.106442), 3(0.106442), 
784(218374): 1(0.043186), 
785(26412): 1(0.053529), 
786(83025): 1(0.055330), 
787(268948): 1(0.043193), 
788(34043): 1(0.065027), 
789(335741): 
790(58527): 1(0.151955), 
791(298485): 0(0.060970), 
792(182519): 0(0.246259), 
793(295711): 0(0.390777), 
794(500206): 0(0.211167), 
795(72107): 0(0.161461), 
796(199510): 0(0.196806), 
797(226125): 
798(4632): 
799(208836): 
800(186853): 
801(192449): 
802(397295): 
803(63449): 2(0.048637), 3(0.048637), 
804(235118): 2(0.146425), 3(0.146425), 
805(528104): 2(0.048362), 3(0.048362), 
806(138515): 
807(392605): 
808(254580): 
809(12847): 
810(363415): 
811(138041): 
812(154207): 1(0.101803), 
813(473152): 1(0.138120), 
814(54954): 7(0.149749), 
815(116603): 7(0.109622), 
816(162933): 7(0.707490), 
817(486483): 7(0.299625), 
818(415218): 
819(322117): 1(0.051744), 
820(116832): 1(0.052344), 
821(408580): 7(0.035570), 
822(338067): 0(0.060699), 
823(215671): 0(0.059545), 
824(453568): 
825(357491): 0(0.054459), 
826(396884): 
827(491296): 0(0.035130), 
828(89477): 0(0.058579), 
829(195286): 
830(490960): 0(0.035902), 
831(25577): 0(0.120517), 
832(44959): 0(0.035915), 
833(18852): 
834(124845): 
835(255078): 0(0.083546), 
836(110274): 0(0.060806), 
837(296379): 0(0.229774), 
838(142666): 0(0.045893), 
839(280344): 0(0.059970), 
840(92593): 1(0.100099), 
841(161877): 
842(501795): 
843(399083): 
844(364442): 
845(439227): 
846(460071): 
847(125537): 
848(74164): 
849(379166): 
850(427459): 
851(304036): 
852(415861): 
853(476762): 1(0.058934), 
854(546559): 1(0.288514), 
855(547010): 1(0.412310), 
856(546289): 1(0.093785), 
857(167466): 1(0.058000), 
858(468568): 1(0.141996), 
859(215518): 1(0.647813), 
860(416952): 1(0.116397), 
861(446059): 1(0.091796), 
862(396199): 1(0.105745), 
863(371689): 
864(463324): 
865(456080): 
866(338505): 
867(407980): 
868(385596): 1(0.110811), 
869(361466): 
870(394772): 1(0.308144), 
871(530062): 
872(269442): 
873(533525): 
874(437032): 
875(211719): 
876(269143): 1(0.058131), 
877(177836): 1(0.334587), 
878(172733): 1(0.069159), 
879(478874): 1(0.201214), 
880(421125): 1(0.189418), 
881(34656): 1(0.177759), 
882(176462): 0(0.036429), 
883(502086): 0(0.677439), 
884(269145): 1(0.141072), 
885(519583): 1(0.094137), 
886(367763): 1(0.057819), 
887(50367): 1(0.081668), 
888(519585): 1(0.046433), 
889(172737): 1(0.091668), 
890(34659): 1(0.165663), 
891(349456): 1(0.068533), 
892(473119): 1(0.057721), 
893(227188): 1(0.058402), 
894(408822): 
895(520514): 
896(426973): 2(0.045189), 3(0.045189), 
897(146831): 
898(113951): 7(0.073716), 
899(129654): 7(0.377805), 
900(184782): 0(0.035826), 
901(68873): 0(0.171880), 
902(404819): 0(0.096843), 
903(269816): 2(0.047644), 3(0.047644), 
904(182376): 2(0.047633), 3(0.047633), 
905(217286): 2(0.047639), 3(0.047639), 
906(339948): 2(0.171111), 3(0.171111), 
907(318794): 2(0.047645), 3(0.047645), 
908(71821): 2(0.049174), 3(0.049174), 
909(215815): 2(0.112680), 3(0.112680), 
910(48844): 2(0.356242), 3(0.356242), 
911(300389): 2(0.145366), 3(0.145366), 
912(541717): 2(0.150662), 3(0.150662), 
913(306522): 1(0.039172), 
914(251433): 
915(465923): 1(0.076972), 
916(538205): 1(0.076320), 
917(522061): 1(0.088238), 
918(249390): 7(0.264753), 
919(512299): 1(0.034137), 
920(224843): 1(0.127186), 
921(58118): 1(0.104997), 
922(426364): 0(0.057066), 
923(108562): 0(0.167442), 
924(531618): 0(0.045913), 
925(124236): 0(0.059303), 
926(394122): 0(0.035477), 
927(212671): 0(0.035350), 
928(479786): 0(0.041151), 
929(11808): 
930(109183): 0(0.094019), 
931(275900): 0(0.129419), 
932(232644): 0(0.046264), 
933(403271): 
934(244935): 
935(275989): 2(0.048269), 3(0.048269), 
936(294839): 2(0.085464), 3(0.085464), 
937(328241): 2(0.097765), 3(0.097765), 
938(445437): 2(0.073133), 3(0.073133), 
939(283345): 2(0.085661), 3(0.085661), 
940(170843): 
941(471939): 1(0.056759), 
942(418821): 1(0.126376), 
943(192122): 1(0.044854), 
944(38749): 1(0.092539), 
945(80471): 1(0.056666), 
946(535140): 
947(404943): 
948(246220): 
949(272853): 1(0.053348), 
950(342445): 
951(125625): 
952(411585): 
953(98918): 
954(371871): 
955(419601): 
956(170849): 
957(535138): 
958(422): 
959(274344): 2(0.111599), 3(0.111599), 
960(308353): 2(0.124150), 3(0.124150), 
961(34894): 2(0.200754), 3(0.200754), 
962(103368): 2(0.048877), 3(0.048877), 
963(84200): 2(0.061492), 3(0.061492), 
964(278722): 2(0.061489), 3(0.061489), 
965(14253): 2(0.264210), 3(0.264210), 
966(305675): 2(0.086312), 3(0.086312), 
967(504009): 2(0.162307), 3(0.162307), 
968(328714): 2(0.074119), 3(0.074119), 
969(441384): 7(0.184935), 
970(397468): 7(0.261301), 
971(450916): 7(0.185015), 
972(375332): 7(0.223854), 
973(166998): 7(0.184773), 
974(255559): 7(0.185847), 
975(285448): 
976(157849): 
977(400444): 
978(469043): 
979(163341): 1(0.186368), 
980(466680): 1(0.092169), 
981(440805): 
982(341876): 
983(491045): 1(0.092147), 
984(122989): 
985(376381): 1(0.045015), 
986(15437): 1(0.033751), 
987(147477): 1(0.043322), 
988(195279): 1(0.056738), 
989(138547): 
990(366092): 1(0.091131), 
991(220287): 1(0.045148), 
992(335521): 1(0.114764), 
993(400795): 1(0.056758), 
994(332819): 
995(152016): 2(0.048308), 3(0.048308), 
996(92846): 
997(181062): 2(0.058816), 3(0.058816), 
998(2005): 2(0.060583), 3(0.060583), 
999(515668): 2(0.107933), 3(0.107933), 
1000(474964): 2(0.060050), 3(0.060050), 
1001(321007): 1(0.160476), 
1002(521879): 0(0.051855), 1(0.048127), 
1003(410754): 
1004(275016): 1(0.099514), 
1005(250873): 0(0.054461), 
1006(118809): 1(0.036950), 
1007(326529): 1(0.050378), 
1008(490806): 
1009(461330): 
1010(411412): 1(0.069120), 
1011(247246): 0(0.047827), 
1012(74661): 0(0.095083), 
1013(54170): 
1014(503932): 1(0.067031), 
1015(511409): 
1016(81461): 1(0.077083), 
1017(486117): 1(0.053515), 
1018(133233): 
1019(461291): 
1020(134884): 
1021(347390): 
1022(371503): 
1023(133239): 
1024(346490): 
1025(365156): 
1026(188193): 
1027(262841): 0(0.337275), 
1028(40191): 
1029(232731): 0(0.034956), 
1030(366073): 0(0.181918), 
1031(509860): 0(0.061157), 
1032(107004): 0(0.182028), 
1033(180888): 0(0.590778), 
1034(271157): 1(0.066998), 
1035(523078): 1(0.045750), 
1036(375894): 
1037(105051): 1(0.068641), 
1038(521034): 1(0.104912), 
1039(207287): 
1040(367819): 1(0.042457), 
1041(216072): 1(0.093479), 
1042(414379): 1(0.058512), 
1043(412782): 1(0.034697), 
1044(216069): 1(0.164681), 
1045(85214): 1(0.046416), 
1046(545191): 1(0.059300), 
1047(487164): 1(0.058524), 
1048(533389): 1(0.046172), 
1049(134026): 1(0.046131), 
1050(33815): 1(0.045002), 
1051(40245): 1(0.069125), 
1052(28781): 1(0.080775), 
1053(322008): 1(0.059315), 
1054(280423): 
1055(34231): 
1056(139248): 
1057(371026): 
1058(235526): 1(0.066401), 
1059(206967): 1(0.062563), 
1060(370626): 1(0.043220), 
1061(142307): 
1062(58699): 
1063(166514): 
1064(55710): 1(0.069380), 
1065(98781): 1(0.080795), 
1066(518431): 1(0.093575), 
1067(488391): 1(0.056915), 
1068(147291): 1(0.104212), 
1069(533675): 1(0.282508), 
1070(422179): 1(0.047276), 
1071(218877): 1(0.058536), 
1072(256731): 1(0.058696), 
1073(521572): 1(0.047349), 
1074(281075): 1(0.058537), 
1075(208831): 1(0.070231), 
1076(80003): 1(0.059216), 
1077(210781): 1(0.058402), 
1078(65146): 1(0.059212), 
1079(330657): 1(0.201671), 
1080(186849): 1(0.070473), 
1081(167207): 1(0.034351), 
1082(544632): 1(0.059311), 
1083(199589): 1(0.047286), 
1084(176512): 1(0.043684), 
1085(144235): 1(0.055445), 
1086(293585): 1(0.055420), 
1087(200874): 1(0.064613), 
1088(496020): 1(0.066617), 
1089(211043): 
1090(290853): 
1091(418084): 
1092(176510): 1(0.066118), 
1093(164361): 1(0.045150), 
1094(244023): 
1095(406562): 0(0.093041), 
1096(380295): 0(0.044017), 
1097(398723): 0(0.043710), 
1098(1943): 0(0.044020), 
1099(155060): 0(0.045090), 
1100(390573): 0(0.044021), 
1101(243763): 
1102(458090): 
1103(119200): 
1104(507482): 
1105(184944): 2(0.036328), 3(0.036328), 
1106(273048): 2(0.095961), 3(0.095961), 
1107(182535): 2(0.224916), 3(0.224916), 
1108(226378): 2(0.108736), 3(0.108736), 
1109(511575): 
1110(529753): 
1111(469176): 
1112(213517): 
1113(136895): 2(0.061471), 3(0.061471), 
1114(388153): 2(0.098445), 3(0.098445), 7(0.147004), 
1115(28137): 2(0.124173), 3(0.124173), 
1116(199225): 2(0.123769), 3(0.123769), 
1117(3363): 2(0.123794), 3(0.123794), 
1118(119198): 
1119(373481): 
1120(189843): 
1121(279264): 1(0.037206), 
1122(58280): 1(0.051583), 
1123(473995): 1(0.055674), 
1124(492515): 
1125(68829): 0(0.048292), 
1126(111426): 0(0.104853), 
1127(281009): 0(0.130965), 
1128(533920): 
1129(507922): 0(0.153735), 
1130(446407): 0(0.034597), 
1131(170686): 0(0.058461), 
1132(31976): 0(0.180105), 
1133(67693): 0(0.043771), 
1134(92608): 0(0.044233), 
1135(90297): 0(0.052288), 
1136(164399): 0(0.043776), 
1137(132917): 
1138(527231): 
1139(245004): 
1140(159192): 
1141(482637): 7(0.146468), 
1142(270465): 7(0.261998), 
1143(295015): 7(0.262038), 
1144(495346): 0(0.048430), 
1145(515756): 0(0.212037), 
1146(203992): 0(0.070064), 
1147(82027): 1(0.057776), 
1148(525519): 
1149(288818): 
1150(173351): 
1151(42294): 
1152(362349): 
1153(246413): 7(0.146944), 
1154(158623): 7(0.151403), 
1155(434726): 7(0.518517), 
1156(116056): 7(0.073495), 
1157(352732): 7(0.073675), 
1158(368649): 7(0.112029), 
1159(306997): 7(0.109475), 
1160(266861): 7(0.073685), 
1161(169024): 
1162(219318): 
1163(116933): 
1164(408616): 
1165(346772): 
1166(368612): 
1167(24564): 2(0.057999), 3(0.057999), 
1168(301852): 
1169(189781): 1(0.140173), 
1170(363660): 1(0.044141), 
1171(500860): 1(0.163854), 
1172(406607): 1(0.069543), 
1173(415567): 1(0.044510), 
1174(275879): 1(0.058931), 
1175(285672): 1(0.037677), 
1176(53573): 1(0.045517), 
1177(242096): 2(0.047532), 3(0.047532), 
1178(443072): 2(0.035353), 3(0.035353), 
1179(109757): 2(0.084577), 3(0.084577), 
1180(468148): 2(0.058223), 3(0.058223), 
1181(291270): 2(0.072020), 3(0.072020), 
1182(472796): 
1183(530830): 0(0.054925), 
1184(75271): 2(0.035659), 3(0.035659), 
1185(199142): 2(0.096872), 3(0.096872), 
1186(458948): 2(0.059038), 3(0.059038), 
1187(106432): 
1188(126231): 
1189(108134): 
1190(184237): 
1191(288342): 
1192(15795): 
1193(383920): 1(0.062781), 
1194(357998): 2(0.069894), 3(0.069894), 
1195(379921): 2(0.034957), 3(0.034957), 
1196(198533): 2(0.034950), 3(0.034950), 
1197(53336): 
1198(264018): 
1199(513010): 
1200(325857): 2(0.071032), 3(0.071032), 
1201(68959): 1(0.124468), 
1202(343787): 
1203(531807): 1(0.060658), 
1204(351355): 
1205(368294): 
1206(248586): 1(0.065843), 
1207(475878): 1(0.080386), 
1208(433540): 
1209(525511): 
1210(229863): 1(0.038444), 
1211(35912): 
1212(164280): 0(0.061440), 
1213(188479): 0(0.049079), 
1214(139835): 0(0.049655), 
1215(429004): 0(0.048802), 
1216(349397): 0(0.085183), 
1217(241542): 0(0.061409), 
1218(410661): 0(0.036792), 
1219(306640): 0(0.061435), 
1220(476604): 0(0.085815), 
1221(228705): 0(0.073822), 
1222(414861): 0(0.074274), 
1223(52784): 0(0.073284), 
1224(236126): 0(0.060738), 
1225(203871): 0(0.060921), 
1226(124295): 0(0.097852), 
1227(399976): 0(0.061636), 
1228(107875): 0(0.033858), 
1229(107184): 0(0.036157), 
1230(445050): 0(0.072693), 
1231(274390): 0(0.061286), 
1232(14418): 0(0.035667), 
1233(275450): 0(0.046986), 
1234(71638): 0(0.059212), 
1235(307425): 0(0.059239), 
1236(262202): 0(0.042890), 
1237(70227): 
1238(147903): 
1239(177941): 0(0.049563), 
1240(305747): 0(0.062386), 
1241(49500): 0(0.049313), 
1242(130453): 0(0.044817), 
1243(264199): 0(0.035820), 
1244(528230): 0(0.073509), 
1245(104501): 0(0.047529), 
1246(348221): 1(0.044562), 
1247(361693): 1(0.183691), 2(0.035690), 3(0.035690), 
1248(399346): 1(0.054159), 
1249(379975): 1(0.075903), 
1250(333934): 
1251(293239): 
1252(89819): 1(0.076369), 
1253(388621): 
1254(172664): 
1255(376371): 
1256(512934): 1(0.049915), 
1257(313031): 
1258(342687): 1(0.101673), 
1259(296443): 
1260(136738): 1(0.054372), 
1261(268749): 0(0.130094), 
1262(245033): 0(0.046236), 
1263(517521): 0(0.059142), 
1264(179120): 0(0.046480), 
1265(535015): 
1266(505679): 1(0.072869), 
1267(133626): 
1268(288956): 
1269(399434): 
1270(222139): 
1271(425878): 
1272(175194): 
1273(170542): 1(0.175202), 
1274(365442): 
1275(207312): 0(0.142225), 
1276(507739): 
1277(288194): 
1278(495297): 1(0.057348), 
1279(519409): 1(0.036905), 
1280(295315): 1(0.508101), 
1281(165369): 1(0.472886), 
1282(201074): 1(0.038790), 
1283(465568): 
1284(217721): 1(0.042273), 
1285(86719): 1(0.064418), 
1286(26815): 7(0.108914), 
1287(410734): 7(0.147402), 
1288(170321): 
1289(537390): 2(0.048228), 3(0.048228), 
1290(353008): 2(0.086349), 3(0.086349), 
1291(39128): 2(0.186150), 3(0.186150), 
1292(2557): 2(0.060743), 3(0.060743), 
1293(522163): 0(0.045058), 
1294(69652): 0(0.045019), 
1295(492204): 
1296(494692): 0(0.045044), 
1297(442696): 0(0.043785), 
1298(411059): 
1299(144582): 0(0.092822), 
1300(247817): 
1301(505540): 
1302(465048): 2(0.085354), 3(0.085354), 
1303(426577): 2(0.085355), 3(0.085355), 
1304(526086): 1(0.081628), 
1305(17981): 1(0.163484), 
1306(275547): 1(0.046127), 
1307(270837): 1(0.105266), 
1308(413989): 1(0.046109), 
1309(335190): 2(0.073529), 3(0.073529), 
1310(266884): 2(0.096865), 3(0.096865), 
1311(75807): 2(0.036048), 3(0.036048), 
1312(383220): 2(0.084588), 3(0.084588), 
1313(48954): 0(0.134444), 
1314(152884): 
1315(69332): 0(0.072204), 
1316(253648): 
1317(266799): 0(0.034007), 
1318(118741): 0(0.048069), 
1319(303398): 0(0.046084), 
1320(218249): 0(0.060125), 
1321(469087): 
1322(159647): 1(0.098235), 
1323(85572): 1(0.074336), 
1324(207262): 1(0.046006), 
1325(230014): 1(0.163837), 
1326(249313): 1(0.198996), 
1327(188245): 1(0.104168), 
1328(370032): 1(0.139210), 
1329(279193): 
1330(332803): 1(0.060999), 
1331(463741): 0(0.045427), 
1332(293088): 0(0.148276), 
1333(197294): 
1334(361048): 0(0.065835), 
1335(103715): 
1336(235599): 
1337(266872): 
1338(334640): 1(0.087081), 
1339(362806): 1(0.040468), 
1340(479512): 1(0.054758), 
1341(499442): 
1342(135289): 
1343(338934): 
1344(197686): 
1345(193399): 
1346(168381): 
1347(68091): 
1348(355209): 0(0.084278), 
1349(249397): 0(0.035334), 
1350(35378): 0(0.042523), 
1351(420362): 0(0.148379), 
1352(63878): 0(0.311947), 
1353(543810): 
1354(472681): 
1355(248453): 
1356(219370): 
1357(295498): 
1358(490052): 
1359(155169): 
1360(467551): 0(0.033944), 
1361(456848): 0(0.046041), 
1362(420823): 0(0.078831), 1(0.056025), 
1363(311416): 
1364(503310): 0(0.092059), 
1365(467132): 0(0.370756), 
1366(280618): 0(0.036568), 
1367(491368): 
1368(480935): 0(0.036036), 
1369(343543): 
1370(487173): 0(0.034363), 
1371(85246): 
1372(249144): 0(0.092202), 
1373(69754): 
1374(291884): 
1375(25629): 
1376(516986): 
1377(210584): 0(0.036474), 
1378(526444): 
1379(150886): 0(0.058304), 
1380(57222): 0(0.071962), 
1381(489335): 0(0.036498), 
1382(35954): 0(0.207866), 
1383(205373): 
1384(62909): 0(0.036625), 
1385(466053): 
1386(23214): 0(0.048728), 
1387(347262): 0(0.036509), 
1388(519594): 
1389(225155): 0(0.036268), 
1390(435215): 
1391(146106): 0(0.036575), 
1392(407319): 
1393(483735): 
1394(442222): 0(0.036481), 
1395(361914): 0(0.049110), 
1396(401064): 
1397(185839): 0(0.072257), 
1398(469220): 0(0.046010), 
1399(88039): 0(0.034313), 
1400(495630): 
1401(123042): 0(0.034361), 
1402(299003): 0(0.036596), 
1403(252624): 0(0.080953), 
1404(525494): 
1405(462890): 0(0.034382), 
1406(531781): 0(0.041541), 
1407(155586): 0(0.036455), 
1408(404575): 0(0.045226), 
1409(384049): 0(0.052988), 
1410(390630): 0(0.059015), 
1411(210720): 2(0.068287), 3(0.068287), 
1412(384832): 
1413(275327): 
1414(76263): 
1415(194413): 
1416(492841): 
1417(165293): 0(0.048547), 
1418(456939): 0(0.048506), 
1419(228594): 
1420(110942): 1(0.127595), 
1421(263998): 
1422(126131): 2(0.046168), 3(0.046168), 
1423(183006): 
1424(475430): 2(0.148986), 3(0.148986), 
1425(414025): 
1426(130817): 2(0.046830), 3(0.046830), 
1427(17175): 2(0.049017), 3(0.049017), 
1428(222024): 2(0.036682), 3(0.036682), 
1429(193736): 2(0.061456), 3(0.061456), 
1430(111699): 2(0.048644), 3(0.048644), 
1431(401124): 
1432(132715): 
1433(3964): 2(0.034809), 3(0.034809), 
1434(478551): 2(0.072350), 3(0.072350), 
1435(451058): 
1436(30864): 2(0.036240), 3(0.036240), 
1437(343142): 2(0.057466), 3(0.057466), 
1438(29953): 1(0.078592), 
1439(181378): 2(0.047177), 3(0.047177), 
1440(525224): 2(0.034358), 3(0.034358), 
1441(224797): 2(0.046761), 3(0.046761), 
1442(249593): 2(0.034357), 3(0.034357), 
1443(536547): 
1444(445765): 
1445(376570): 
1446(114285): 
1447(512915): 
1448(117868): 
1449(442540): 
1450(115804): 0(0.051677), 
1451(77544): 0(0.055565), 
1452(337590): 
1453(511056): 
1454(350430): 
1455(132655): 
1456(383517): 2(0.199145), 3(0.199145), 
1457(175977): 
1458(402397): 0(0.074138), 
1459(258125): 
1460(453141): 1(0.048962), 
1461(119430): 
1462(131937): 
1463(151561): 1(0.039090), 
1464(96675): 
1465(401296): 1(0.087889), 
1466(476898): 0(0.033810), 1(0.196720), 
1467(347478): 1(0.043321), 
1468(19017): 1(0.058868), 
1469(533319): 1(0.165105), 
1470(371414): 1(0.034148), 
1471(256805): 1(0.046211), 
1472(219405): 1(0.153065), 
1473(39399): 1(0.058813), 
1474(91513): 
1475(170218): 
1476(379825): 0(0.043229), 
1477(271288): 0(0.056771), 
1478(253074): 0(0.068665), 
1479(261938): 
1480(265851): 
1481(31407): 1(0.046375), 
1482(52351): 1(0.066121), 
1483(333540): 1(0.092421), 
1484(526366): 1(0.140978), 
1485(133719): 1(0.246461), 
1486(301156): 1(0.151420), 
1487(215528): 1(0.057054), 
1488(534575): 1(0.211158), 
1489(521897): 1(0.057013), 
1490(61230): 1(0.035102), 
1491(288864): 1(0.067744), 
1492(278819): 1(0.079017), 
1493(149198): 1(0.055970), 
1494(204922): 1(0.055820), 
1495(181846): 1(0.067647), 
1496(156700): 1(0.055987), 
1497(358755): 
1498(457091): 2(0.079998), 3(0.079998), 
1499(96523): 
1500(123748): 
1501(379192): 1(0.045586), 
1502(148829): 1(0.056827), 
1503(158913): 
1504(241687): 
1505(178339): 1(0.094376), 
1506(72464): 
1507(300242): 
1508(216342): 
1509(136965): 
1510(482948): 1(0.045117), 
1511(372793): 1(0.091623), 
1512(80987): 1(0.056390), 
1513(76186): 1(0.042644), 
1514(1255): 1(0.057995), 
1515(243464): 1(0.056689), 
1516(71550): 1(0.068563), 
1517(505612): 1(0.104636), 
1518(150391): 
1519(545551): 1(0.080934), 
1520(372510): 1(0.057789), 
1521(119452): 0(0.046683), 
1522(412484): 0(0.046274), 
1523(417915): 0(0.256085), 
1524(59852): 0(0.108322), 
1525(338568): 0(0.082024), 
1526(242465): 1(0.049487), 
1527(470943): 0(0.045239), 
1528(473279): 1(0.039982), 
1529(332492): 1(0.074579), 
1530(44098): 0(0.054301), 
1531(331878): 
1532(236511): 2(0.046407), 3(0.046407), 
1533(410690): 2(0.034781), 3(0.034781), 
1534(159091): 
1535(256958): 
1536(210428): 
1537(185007): 1(0.043185), 
1538(444128): 1(0.066341), 
1539(512157): 1(0.055031), 
1540(270256): 
1541(101152): 1(0.056404), 
1542(348039): 
1543(153931): 1(0.054170), 
1544(105950): 
1545(275790): 1(0.067371), 
1546(220990): 1(0.067577), 
1547(2032): 
1548(102653): 2(0.072471), 3(0.072471), 
1549(163748): 7(0.382076), 
1550(159451): 7(0.189401), 
1551(85384): 7(0.189399), 
1552(109922): 7(0.189433), 
1553(188843): 7(0.149171), 
1554(327601): 7(0.072690), 
1555(104131): 7(0.189434), 
1556(89687): 7(0.110393), 
1557(10500): 7(0.149195), 
1558(371404): 7(0.467220), 
1559(5841): 0(0.044593), 
1560(9480): 0(0.043823), 
1561(422692): 0(0.057769), 
1562(533935): 0(0.054755), 
1563(254408): 0(0.044636), 
1564(98673): 2(0.049706), 3(0.049706), 
1565(416067): 2(0.179071), 3(0.179071), 
1566(423420): 2(0.139750), 3(0.139750), 
1567(536372): 0(0.049480), 
1568(179896): 0(0.182766), 
1569(28032): 0(0.058847), 
1570(461722): 0(0.047150), 
1571(440342): 0(0.330410), 
1572(59331): 
1573(383186): 0(0.047661), 
1574(358876): 
1575(110133): 
1576(472966): 0(0.071535), 
1577(326645): 0(0.047384), 
1578(343465): 0(0.035909), 
1579(360272): 0(0.035894), 
1580(204665): 0(0.059393), 
1581(235009): 1(0.043661), 
1582(77480): 1(0.056649), 
1583(461236): 1(0.068392), 
1584(293181): 1(0.056621), 
1585(493531): 
1586(369108): 1(0.065475), 
1587(439349): 1(0.077589), 
1588(135598): 2(0.084608), 3(0.084608), 
1589(197324): 2(0.072118), 3(0.072118), 
1590(136993): 
1591(473413): 2(0.084007), 3(0.084007), 
1592(461797): 2(0.058503), 3(0.058503), 
1593(480206): 2(0.047280), 3(0.047280), 
1594(31627): 2(0.059343), 3(0.059343), 
1595(178346): 2(0.048228), 3(0.048228), 
1596(335977): 1(0.041015), 
1597(97888): 1(0.069574), 
1598(454816): 
1599(128597): 
1600(162074): 
1601(439064): 
1602(153216): 
1603(161558): 
1604(218812): 
1605(63713): 
1606(420254): 
1607(151692): 
1608(170728): 
1609(520908): 
1610(82709): 2(0.133660), 3(0.133660), 
1611(332970): 
1612(116333): 
1613(273323): 2(0.145895), 3(0.145895), 
1614(470915): 2(0.084396), 3(0.084396), 
1615(326305): 1(0.040421), 
1616(419204): 
1617(28298): 1(0.224552), 2(0.036084), 3(0.036084), 
1618(369095): 
1619(262642): 
1620(265439): 0(0.070045), 
1621(299321): 0(0.082461), 
1622(371647): 0(0.090978), 
1623(541644): 0(0.045334), 
1624(217359): 
1625(232356): 0(0.057107), 
1626(87629): 0(0.044241), 
1627(381479): 
1628(515985): 0(0.045332), 
1629(431608): 
1630(133872): 
1631(456528): 1(0.046191), 
1632(181151): 
1633(77088): 
1634(196590): 1(0.090938), 
1635(131829): 1(0.084279), 
1636(250168): 2(0.058994), 3(0.058994), 
1637(374522): 2(0.047172), 3(0.047172), 
1638(484457): 2(0.070015), 3(0.070015), 
1639(27038): 
1640(539142): 
1641(162685): 
1642(325406): 
1643(453954): 
1644(177725): 
1645(294439): 
1646(498384): 
1647(455307): 1(0.063091), 
1648(381133): 1(0.063087), 
1649(43042): 
1650(19911): 
1651(19907): 
1652(246038): 
1653(451122): 
1654(399516): 7(0.226693), 
1655(376758): 7(0.147905), 
1656(52107): 
1657(471970): 
1658(371529): 1(0.093258), 
1659(123538): 1(0.057217), 
1660(19810): 1(0.092905), 
1661(355011): 1(0.057142), 
1662(20737): 
1663(184772): 
1664(113890): 
1665(246419): 0(0.034935), 
1666(362391): 
1667(429535): 
1668(38742): 
1669(211301): 1(0.062406), 
1670(153658): 
1671(143723): 
1672(97580): 1(0.039144), 
1673(392144): 
1674(331670): 
1675(214648): 
1676(248105): 
1677(321348): 
1678(537684): 
1679(324335): 
1680(177904): 
1681(52341): 
1682(540897): 2(0.033866), 3(0.033866), 
1683(49486): 
1684(522387): 2(0.043049), 3(0.043049), 
1685(495379): 2(0.058381), 3(0.058381), 
1686(293348): 1(0.057618), 
1687(110179): 1(0.069212), 
1688(498975): 1(0.114504), 
1689(273889): 1(0.077535), 
1690(265541): 
1691(341081): 
1692(167052): 
1693(532299): 1(0.044288), 
1694(125355): 
1695(221157): 2(0.036249), 3(0.036249), 7(0.072537), 
1696(221025): 2(0.110888), 3(0.110888), 
1697(448704): 2(0.061423), 3(0.061423), 
1698(307109): 2(0.061562), 3(0.061562), 
1699(364971): 2(0.073810), 3(0.073810), 
1700(141445): 0(0.061158), 
1701(92181): 0(0.047791), 
1702(316339): 0(0.035222), 
1703(298964): 0(0.035155), 
1704(374182): 0(0.047791), 
1705(395476): 
1706(411654): 2(0.034918), 3(0.034918), 
1707(4824): 0(0.049048), 
1708(221426): 0(0.108407), 
1709(113140): 
1710(265032): 7(0.035800), 
1711(30204): 0(0.044936), 
1712(46301): 0(0.033770), 
1713(490950): 0(0.044830), 
1714(418386): 0(0.082922), 
1715(458475): 
1716(72034): 0(0.273606), 
1717(543520): 0(0.044534), 
1718(205253): 
1719(83295): 
1720(422676): 1(0.058517), 
1721(548128): 1(0.058682), 
1722(483763): 1(0.058689), 
1723(186850): 1(0.142109), 
1724(459432): 
1725(11987): 1(0.058844), 
1726(258426): 1(0.057965), 
1727(159880): 1(0.047381), 
1728(515867): 1(0.059288), 
1729(80645): 
1730(346958): 1(0.047357), 
1731(544333): 1(0.081135), 
1732(216076): 1(0.058924), 
1733(119580): 1(0.058843), 
1734(263315): 1(0.059295), 
1735(57061): 0(0.061166), 
1736(42174): 
1737(85107): 
1738(341314): 1(0.057198), 
1739(138526): 
1740(9334): 7(0.343956), 
1741(260113): 7(0.147245), 
1742(41406): 7(0.185604), 
1743(306486): 7(0.109771), 
1744(285950): 7(0.590011), 
1745(53343): 
1746(305512): 2(0.033947), 3(0.033947), 
1747(193976): 
1748(271899): 0(0.035093), 
1749(1864): 0(0.070689), 
1750(121194): 0(0.272581), 
1751(349652): 
1752(285834): 2(0.058360), 3(0.058360), 
1753(53618): 2(0.044775), 3(0.044775), 
1754(533160): 2(0.034612), 3(0.034612), 
1755(144985): 2(0.046394), 3(0.046394), 
1756(397728): 
1757(17092): 2(0.047052), 3(0.047052), 
1758(387003): 
1759(452333): 2(0.049197), 3(0.049197), 
1760(274608): 
1761(111646): 
1762(245670): 
1763(58664): 
1764(244004): 1(0.372987), 
1765(330351): 
1766(231548): 
1767(335727): 
1768(334806): 
1769(508718): 
1770(202733): 
1771(21597): 
1772(132263): 
1773(44785): 7(0.111411), 
1774(271700): 7(0.262684), 
1775(22800): 
1776(95590): 1(0.163510), 
1777(411744): 
1778(98851): 
1779(10319): 1(0.043039), 
1780(149082): 1(0.079029), 
1781(64990): 1(0.089929), 
1782(514904): 1(0.046620), 
1783(524078): 
1784(500640): 
1785(471716): 
1786(391458): 
1787(151832): 
1788(473053): 
1789(39712): 2(0.105276), 3(0.105276), 
1790(358407): 7(0.108023), 
1791(310209): 7(0.071204), 
1792(328732): 0(0.044967), 
1793(134919): 
1794(142996): 0(0.048286), 
1795(26462): 0(0.091647), 
1796(540811): 
1797(514237): 0(0.048286), 
1798(36413): 
1799(159260): 0(0.048327), 
1800(518180): 
1801(251387): 
1802(404694): 
1803(104235): 
1804(458557): 
1805(347871): 2(0.036874), 3(0.036874), 
1806(390854): 0(0.048242), 
1807(410468): 0(0.059787), 
1808(245157): 0(0.233585), 
1809(198792): 
1810(127319): 2(0.054632), 3(0.054632), 
1811(363608): 0(0.035051), 
1812(71935): 0(0.071350), 
1813(8423): 0(0.062003), 
1814(64431): 0(0.049326), 
1815(459419): 0(0.049299), 
1816(539763): 0(0.159726), 
1817(136665): 0(0.048310), 
1818(498195): 0(0.036249), 
1819(241545): 0(0.062063), 
1820(149343): 0(0.060636), 
1821(344695): 0(0.094326), 
1822(98271): 
1823(76594): 0(0.036085), 
1824(331302): 
1825(325186): 0(0.036104), 
1826(119548): 0(0.048278), 
1827(389451): 0(0.036344), 
1828(256930): 0(0.062063), 
1829(419228): 
1830(465000): 0(0.116755), 
1831(339354): 0(0.046052), 
1832(448972): 
1833(503131): 
1834(406342): 1(0.102832), 
1835(132456): 1(0.046283), 
1836(111614): 
1837(257813): 1(0.127115), 
1838(448642): 1(0.159183), 
1839(298963): 1(0.173886), 
1840(513214): 1(0.046300), 
1841(286265): 1(0.045245), 
1842(13426): 7(0.379675), 
1843(503471): 7(0.149241), 
1844(503078): 7(0.110349), 
1845(392455): 7(0.149247), 
1846(34360): 7(0.149258), 
1847(510033): 7(0.149252), 
1848(62): 7(0.149265), 
1849(73614): 7(0.301815), 
1850(454199): 7(0.459162), 
1851(206180): 7(0.149260), 
1852(196815): 
1853(464377): 
1854(475695): 2(0.048419), 3(0.048419), 
1855(272967): 
1856(107121): 1(0.065002), 
1857(362152): 1(0.098880), 
1858(518186): 
1859(291037): 1(0.101236), 
1860(272705): 1(0.124910), 
1861(467162): 1(0.044599), 
1862(359940): 1(0.033953), 
1863(248250): 
1864(106868): 
1865(433185): 
1866(92225): 1(0.033899), 
1867(89565): 1(0.033915), 
1868(179623): 2(0.084193), 3(0.084193), 
1869(450720): 2(0.060558), 3(0.060558), 
1870(182373): 2(0.061483), 3(0.061483), 
1871(168472): 2(0.073697), 3(0.073697), 
1872(450917): 2(0.043597), 3(0.043597), 
1873(81647): 
1874(264971): 2(0.061343), 3(0.061343), 
1875(291034): 2(0.034893), 3(0.034893), 
1876(416395): 2(0.109999), 3(0.109999), 
1877(346609): 2(0.034890), 3(0.034890), 
1878(187663): 2(0.047208), 3(0.047208), 
1879(416317): 7(0.035765), 
1880(426466): 
1881(29399): 1(0.130747), 
1882(40885): 0(0.060245), 
1883(201583): 0(0.109757), 
1884(375263): 0(0.095319), 
1885(437753): 0(0.210845), 
1886(61531): 0(0.071683), 
1887(106176): 
1888(297265): 
1889(34949): 
1890(518188): 
1891(458399): 
1892(143261): 0(0.264736), 
1893(291799): 1(0.058436), 
1894(435427): 1(0.058377), 
1895(313850): 1(0.046890), 
1896(236803): 1(0.046884), 
1897(71671): 1(0.045048), 
1898(377290): 1(0.045041), 
1899(186149): 1(0.058450), 
1900(413676): 1(0.046561), 
1901(226480): 1(0.058545), 
1902(49409): 
1903(41003): 2(0.067961), 3(0.067961), 
1904(276924): 
1905(344901): 
1906(400518): 
1907(454186): 
1908(268246): 
1909(476881): 
1910(84801): 
1911(320219): 1(0.134875), 
1912(248495): 1(0.033990), 
1913(438623): 1(0.045073), 
1914(355473): 1(0.033955), 
1915(102047): 1(0.045068), 
1916(234108): 
1917(123959): 1(0.034000), 
1918(175526): 
1919(314458): 
1920(35989): 
1921(159143): 
1922(264182): 
1923(449088): 
1924(409420): 1(0.054795), 
1925(415085): 
1926(500792): 1(0.094339), 
1927(433633): 
1928(357490): 
1929(417372): 
1930(514836): 1(0.044555), 
1931(314598): 1(0.068225), 
1932(202396): 1(0.079776), 
1933(254024): 1(0.068222), 
1934(55868): 1(0.049519), 
1935(490970): 
1936(417717): 0(0.046298), 
1937(244797): 
1938(168673): 0(0.045726), 
1939(411721): 0(0.054129), 
1940(465035): 0(0.063700), 
1941(441078): 
1942(41412): 1(0.057202), 
1943(436999): 
1944(57892): 
1945(202604): 1(0.053171), 
1946(74422): 1(0.068880), 
1947(140510): 
1948(258305): 1(0.037225), 
1949(383918): 0(0.331540), 
1950(292987): 0(0.108694), 
1951(139245): 0(0.036120), 
1952(484201): 0(0.059908), 
1953(265557): 0(0.061444), 
1954(94279): 
1955(324873): 0(0.047834), 
1956(524996): 0(0.095866), 
1957(385367): 0(0.045913), 
1958(388322): 1(0.077115), 
1959(24697): 1(0.056216), 
1960(166918): 1(0.045007), 
1961(23425): 1(0.055650), 
1962(395107): 1(0.045008), 
1963(89605): 
1964(72675): 
1965(311658): 0(0.222655), 
1966(484338): 0(0.060054), 
1967(429024): 0(0.120027), 
1968(58958): 0(0.146579), 
1969(217667): 0(0.183810), 
1970(443430): 
1971(58443): 0(0.061149), 
1972(396232): 0(0.035496), 
1973(496574): 
1974(128082): 
1975(495410): 
1976(358992): 
1977(278495): 
1978(418494): 
1979(238553): 
1980(192997): 
1981(103477): 
1982(236053): 
1983(528696): 
1984(547349): 
1985(303085): 
1986(193460): 
1987(197972): 
1988(45037): 1(0.045802), 
1989(398089): 
1990(509301): 0(0.106530), 
1991(231756): 0(0.034224), 
1992(139281): 0(0.131055), 
1993(181540): 1(0.075910), 
1994(25532): 1(0.082471), 
1995(255507): 1(0.043678), 
1996(109329): 
1997(100552): 
1998(125171): 1(0.088051), 
1999(524958): 1(0.116114), 
2000(81517): 1(0.128288), 
2001(56579): 1(0.080984), 
2002(227725): 1(0.080528), 
2003(99723): 
2004(129298): 
2005(121601): 
2006(480832): 
2007(47546): 
2008(270942): 
2009(185613): 
2010(322400): 0(0.099727), 1(0.077990), 
2011(62255): 2(0.058844), 3(0.058844), 
2012(261040): 
2013(363937): 2(0.034699), 3(0.034699), 
2014(202786): 2(0.033903), 3(0.033903), 
2015(341798): 0(0.060886), 
2016(60032): 0(0.036689), 
2017(71112): 0(0.133128), 
2018(385741): 0(0.036112), 
2019(422850): 0(0.046855), 
2020(274230): 0(0.072855), 
2021(216770): 
2022(324417): 2(0.034884), 3(0.034884), 
2023(59175): 
2024(62834): 
2025(415740): 2(0.034882), 3(0.034882), 
2026(71511): 2(0.086532), 3(0.086532), 
2027(59324): 2(0.098956), 3(0.098956), 
2028(395366): 2(0.048704), 3(0.048704), 
2029(410715): 2(0.111397), 3(0.111397), 
2030(213237): 2(0.073894), 3(0.073894), 
2031(446550): 2(0.061705), 3(0.061705), 
2032(128072): 2(0.073903), 3(0.073903), 
2033(325639): 2(0.073899), 3(0.073899), 
2034(250546): 2(0.048701), 3(0.048701), 
2035(143763): 
2036(319009): 
2037(331694): 2(0.042747), 3(0.042747), 
2038(199524): 0(0.037792), 
2039(158730): 
2040(270299): 
2041(465406): 2(0.035141), 3(0.035141), 
2042(273813): 
2043(137633): 
2044(420204): 1(0.051684), 
2045(367777): 1(0.139971), 
2046(207252): 1(0.057617), 
2047(519587): 
2048(257716): 
2049(189891): 
2050(277781): 0(0.039253), 
2051(273569): 
2052(528583): 0(0.043561), 
2053(1975): 0(0.118094), 
2054(458544): 0(0.096315), 
2055(95377): 
2056(72519): 1(0.101587), 
2057(46020): 
2058(123414): 
2059(442159): 
2060(275241): 
2061(177139): 
2062(80703): 0(0.055738), 
2063(222339): 7(0.073731), 
2064(345511): 7(0.184904), 
2065(69914): 7(0.149458), 
2066(292036): 7(0.111411), 
2067(111073): 7(0.073728), 
2068(73032): 7(0.073432), 
2069(84614): 7(0.073732), 
2070(305641): 7(0.144831), 
2071(505275): 7(0.148082), 
2072(540657): 7(0.149529), 
2073(316120): 7(0.301728), 
2074(38299): 
2075(545742): 
2076(430780): 
2077(259575): 
2078(47687): 0(0.048699), 
2079(304523): 0(0.121957), 
2080(453686): 2(0.034175), 3(0.034175), 
2081(336339): 2(0.044420), 3(0.044420), 
2082(272248): 
2083(695): 0(0.069428), 
2084(414248): 0(0.080604), 
2085(428219): 0(0.072608), 
2086(256620): 0(0.035151), 
2087(453164): 0(0.069107), 
2088(33172): 0(0.243735), 
2089(262909): 
2090(187797): 
2091(472251): 1(0.045680), 
2092(102101): 
2093(530837): 0(0.059298), 
2094(176037): 0(0.047304), 
2095(371289): 0(0.071388), 
2096(355158): 0(0.157501), 
2097(470322): 7(0.035602), 
2098(333967): 7(0.110291), 
2099(451995): 7(0.147078), 
2100(304100): 7(0.299222), 
2101(266822): 2(0.048538), 3(0.048538), 
2102(144696): 2(0.048682), 3(0.048682), 
2103(358114): 2(0.036298), 3(0.036298), 
2104(537729): 2(0.048725), 3(0.048725), 
2105(83734): 
2106(64770): 2(0.072226), 3(0.072226), 
2107(218635): 0(0.055908), 
2108(524992): 
2109(44670): 0(0.044122), 
2110(324613): 0(0.079807), 
2111(412602): 
2112(242559): 
2113(258951): 1(0.068761), 
2114(255928): 1(0.115219), 
2115(231132): 1(0.090270), 
2116(283334): 1(0.092373), 
2117(234155): 1(0.068058), 
2118(184079): 1(0.103853), 
2119(42695): 1(0.068753), 
2120(491387): 
2121(292605): 0(0.046322), 
2122(153773): 
2123(384632): 0(0.109033), 
2124(188565): 0(0.051737), 
2125(384327): 2(0.162554), 3(0.162554), 
2126(500128): 2(0.174967), 3(0.174967), 
2127(300174): 7(0.222907), 
2128(287303): 
2129(88829): 
2130(206557): 1(0.090657), 
2131(89805): 1(0.104991), 
2132(499617): 1(0.046465), 
2133(28850): 1(0.044931), 
2134(293727): 1(0.045357), 
2135(403027): 1(0.057228), 
2136(25398): 1(0.045609), 
2137(133766): 0(0.081793), 
2138(157781): 0(0.046357), 
2139(263951): 0(0.034638), 
2140(54509): 0(0.034579), 
2141(34454): 0(0.046354), 
2142(414596): 
2143(502624): 1(0.034564), 
2144(381991): 1(0.114234), 
2145(296749): 
2146(289440): 
2147(413587): 
2148(398590): 1(0.102158), 
2149(79725): 1(0.041348), 
2150(234236): 
2151(307129): 2(0.049902), 3(0.049902), 
2152(30410): 2(0.339928), 3(0.339928), 
2153(332859): 2(0.125836), 3(0.125836), 
2154(350344): 1(0.045571), 
2155(97388): 1(0.150585), 
2156(162222): 1(0.056971), 
2157(354027): 1(0.188785), 
2158(418278): 2(0.048332), 3(0.048332), 
2159(108212): 0(0.116802), 
2160(457194): 
2161(360967): 0(0.033887), 
2162(477930): 
2163(353872): 
2164(363425): 0(0.046783), 
2165(92521): 
2166(538347): 1(0.152937), 
2167(392615): 1(0.081264), 
2168(367770): 1(0.058244), 
2169(48853): 1(0.069340), 
2170(468784): 1(0.058488), 
2171(384553): 
2172(217271): 1(0.038703), 
2173(539073): 
2174(238688): 
2175(253071): 2(0.035306), 3(0.035306), 
2176(223370): 2(0.086012), 3(0.086012), 
2177(240420): 2(0.061332), 3(0.061332), 
2178(68568): 2(0.085542), 3(0.085542), 
2179(312603): 2(0.122283), 3(0.122283), 
2180(451696): 2(0.061039), 3(0.061039), 
2181(320894): 
2182(407674): 2(0.110295), 3(0.110295), 
2183(382287): 0(0.036474), 
2184(220081): 
2185(152325): 
2186(538590): 
2187(329545): 
2188(381586): 
2189(525715): 
2190(546588): 1(0.053252), 
2191(76495): 
2192(188844): 1(0.057221), 
2193(537053): 
2194(330129): 1(0.034891), 
2195(216901): 
2196(32895): 
2197(359346): 
2198(446284): 
2199(36055): 7(0.146623), 
2200(289653): 
2201(434483): 0(0.081186), 
2202(470111): 0(0.054131), 
2203(454547): 0(0.044705), 
2204(383571): 2(0.075141), 3(0.075141), 
2205(419924): 2(0.061626), 3(0.061626), 
2206(54817): 2(0.127461), 3(0.127461), 
2207(483528): 
2208(117640): 
2209(319287): 
2210(26302): 0(0.045979), 
2211(220145): 
2212(179916): 
2213(73178): 
2214(244265): 
2215(165754): 1(0.044136), 
2216(130417): 1(0.043370), 
2217(70199): 1(0.076554), 
2218(483526): 
2219(542235): 
2220(391561): 
2221(406072): 1(0.057499), 
2222(538115): 
2223(108812): 1(0.046432), 
2224(194417): 1(0.034097), 
2225(444112): 
2226(234508): 
2227(419162): 
2228(303081): 
2229(504118): 1(0.046439), 
2230(374390): 
2231(91274): 1(0.034290), 
2232(408281): 1(0.053388), 
2233(362781): 
2234(393455): 1(0.043773), 
2235(59797): 1(0.045354), 
2236(362861): 1(0.046254), 
2237(33166): 1(0.045933), 
2238(523528): 1(0.034478), 
2239(377647): 1(0.164398), 
2240(58274): 1(0.046651), 
2241(516490): 1(0.039788), 
2242(248330): 0(0.034555), 
2243(141393): 0(0.045551), 
2244(62326): 0(0.205829), 
2245(289595): 0(0.096115), 
2246(95101): 
2247(457999): 0(0.158060), 
2248(290668): 2(0.059582), 3(0.059582), 
2249(536404): 2(0.059103), 3(0.059103), 
2250(331941): 2(0.047257), 3(0.047257), 
2251(531372): 
2252(259198): 
2253(316541): 
2254(360754): 
2255(475710): 1(0.056264), 
2256(139179): 1(0.056275), 
2257(366760): 1(0.056262), 
2258(130746): 1(0.056264), 
2259(457137): 
2260(30850): 0(0.061989), 
2261(507944): 
2262(240427): 
2263(240431): 
2264(494431): 1(0.045875), 
2265(509779): 
2266(199192): 0(0.045898), 
2267(12369): 
2268(155219): 0(0.039667), 
2269(138699): 
2270(245149): 0(0.141711), 
2271(523075): 
2272(56693): 
2273(32336): 
2274(114452): 
2275(80190): 
2276(330095): 
2277(283456): 
2278(120536): 
2279(454438): 
2280(31554): 0(0.035209), 
2281(469192): 0(0.043606), 
2282(505767): 
2283(20204): 0(0.047279), 
2284(377244): 1(0.058177), 
2285(257749): 1(0.043109), 
2286(103279): 1(0.075056), 
2287(73911): 
2288(198141): 1(0.053447), 
2289(49248): 
2290(61536): 1(0.046277), 
2291(79366): 
2292(97089): 7(0.148443), 
2293(233336): 7(0.035715), 
2294(189867): 7(0.339609), 
2295(289668): 7(0.073221), 
2296(389191): 2(0.035942), 3(0.035942), 
2297(74998): 2(0.060230), 3(0.060230), 
2298(73449): 
2299(85543): 
2300(134307): 
2301(260477): 
2302(447962): 
2303(435917): 
2304(348912): 
2305(281389): 2(0.036704), 3(0.036704), 
2306(297883): 
2307(363404): 2(0.036274), 3(0.036274), 
2308(112803): 2(0.035882), 3(0.035882), 
2309(323434): 
2310(447664): 
2311(423209): 
2312(485165): 
2313(510142): 
2314(541340): 
2315(220578): 
2316(14233): 
2317(342624): 
2318(259201): 
2319(98381): 
2320(505018): 
2321(332962): 
2322(227844): 0(0.095045), 
2323(161387): 
2324(376155): 
2325(119842): 
2326(97688): 
2327(136479): 
2328(338565): 
2329(317181): 
2330(475886): 
2331(488309): 
2332(109853): 1(0.089073), 
2333(57678): 0(0.123048), 
2334(463259): 
2335(520871): 0(0.160574), 
2336(204717): 
2337(101921): 0(0.067568), 
2338(474683): 
2339(181260): 0(0.219744), 
2340(198527): 
2341(364938): 0(0.046040), 
2342(91542): 0(0.058948), 
2343(173900): 0(0.083312), 
2344(153717): 1(0.044733), 
2345(425692): 1(0.068465), 
2346(273753): 1(0.044639), 
2347(154010): 
2348(88342): 
2349(98519): 
2350(124216): 
2351(127325): 
2352(28805): 
2353(323704): 2(0.135870), 3(0.135870), 
2354(323721): 
2355(152675): 
2356(322756): 1(0.039446), 
2357(256952): 
2358(423065): 
2359(339816): 
2360(6535): 
2361(125652): 
2362(276725): 
2363(522394): 
2364(333221): 0(0.045753), 
2365(437332): 0(0.051752), 
2366(16555): 0(0.094162), 
2367(383637): 0(0.038026), 
2368(66113): 0(0.155772), 
2369(95578): 
2370(340882): 2(0.061703), 3(0.061703), 
2371(327570): 
2372(257458): 
2373(435278): 
2374(278869): 
2375(429854): 1(0.038701), 
2376(477162): 
2377(490786): 
2378(327921): 0(0.066864), 1(0.104219), 
2379(61485): 0(0.095438), 
2380(431194): 
2381(524366): 
2382(181508): 
2383(503753): 
2384(524370): 
2385(315111): 0(0.108573), 2(0.037619), 3(0.037619), 
2386(383026): 
2387(119481): 
2388(262153): 1(0.051208), 
2389(420860): 
2390(103650): 
2391(388377): 
2392(420996): 
2393(373289): 
2394(170503): 
2395(153355): 
2396(338562): 
2397(167067): 
2398(118314): 0(0.044529), 
2399(235896): 0(0.085206), 2(0.043663), 3(0.043663), 
2400(237333): 
2401(131625): 0(0.084722), 
2402(78674): 
2403(244227): 
2404(4333): 
2405(457596): 1(0.069293), 
2406(534474): 1(0.128801), 
2407(533139): 1(0.068910), 
2408(412747): 1(0.056137), 
2409(489324): 
2410(345397): 
2411(390914): 2(0.056424), 3(0.056424), 
2412(261559): 7(0.807451), 
2413(200547): 
2414(49829): 
2415(300291): 
2416(35677): 0(0.044498), 
2417(20997): 
2418(190119): 7(0.221284), 
2419(427380): 2(0.084584), 3(0.084584), 
2420(385801): 2(0.035305), 3(0.035305), 
2421(208572): 2(0.047675), 3(0.047675), 
2422(356199): 2(0.048539), 3(0.048539), 
2423(396037): 2(0.060134), 3(0.060134), 
2424(56117): 
2425(82691): 0(0.045332), 
2426(8364): 0(0.045331), 
2427(235341): 2(0.048757), 3(0.048757), 
2428(469983): 1(0.045334), 
2429(509188): 1(0.124735), 
2430(268347): 1(0.075013), 
2431(427910): 1(0.102601), 
2432(466490): 1(0.058006), 
2433(93632): 
2434(332699): 1(0.070001), 
2435(121474): 
2436(340166): 
2437(83806): 0(0.084507), 
2438(96883): 1(0.041252), 
2439(12972): 0(0.060472), 
2440(475377): 0(0.071493), 
2441(487814): 2(0.073893), 3(0.073893), 
2442(287471): 2(0.061455), 3(0.061455), 
2443(340177): 2(0.086597), 3(0.086597), 
2444(408189): 2(0.111605), 3(0.111605), 
2445(48541): 1(0.042695), 
2446(520457): 1(0.042695), 
2447(402645): 1(0.044220), 
2448(17566): 1(0.041274), 
2449(430320): 1(0.074447), 
2450(7376): 1(0.040015), 
2451(101859): 2(0.069603), 3(0.069603), 
2452(110270): 2(0.035509), 3(0.035509), 
2453(35387): 
2454(56569): 
2455(165923): 2(0.046541), 3(0.046541), 
2456(109637): 
2457(57097): 0(0.047032), 
2458(261253): 0(0.208296), 
2459(7496): 0(0.047044), 
2460(113278): 0(0.244482), 
2461(102853): 0(0.084268), 
2462(373599): 
2463(454873): 
2464(25617): 0(0.048037), 
2465(106718): 0(0.048102), 
2466(161171): 0(0.258418), 
2467(507103): 0(0.034420), 
2468(37477): 0(0.069073), 
2469(131731): 
2470(125773): 0(0.036041), 
2471(365427): 0(0.133103), 
2472(13020): 0(0.068795), 
2473(30604): 
2474(331223): 
2475(345244): 
2476(164092): 0(0.065894), 
2477(361159): 0(0.064931), 
2478(468019): 
2479(86104): 0(0.060799), 
2480(13626): 0(0.049354), 
2481(129573): 
2482(87174): 0(0.143972), 
2483(251607): 0(0.035046), 
2484(404338): 
2485(89483): 0(0.036954), 
2486(5056): 0(0.035951), 
2487(20650): 
2488(179701): 1(0.042489), 
2489(324459): 
2490(353290): 2(0.037329), 3(0.037329), 
2491(100807): 1(0.057361), 
2492(251296): 
2493(260410): 0(0.096435), 
2494(379580): 0(0.037070), 
2495(425764): 0(0.120820), 
2496(438894): 0(0.083722), 
2497(456148): 0(0.048865), 
2498(94633): 0(0.049195), 
2499(431981): 0(0.047529), 
2500(541811): 0(0.048177), 
2501(464686): 0(0.048368), 
2502(314523): 
2503(532372): 
2504(167016): 0(0.071822), 
2505(92568): 
2506(524393): 
2507(310315): 0(0.061034), 
2508(416980): 0(0.072194), 
2509(351411): 
2510(169990): 
2511(126329): 0(0.071992), 
2512(60462): 
2513(526328): 1(0.040621), 
2514(469266): 0(0.130139), 
2515(212975): 1(0.034026), 
2516(384182): 1(0.045843), 
2517(195318): 
2518(37577): 0(0.049513), 
2519(49019): 
2520(236238): 
2521(300129): 
2522(102557): 
2523(340424): 
2524(523293): 
2525(162161): 2(0.063092), 3(0.063092), 
2526(73052): 2(0.059984), 3(0.059984), 
2527(54404): 
2528(231911): 
2529(123545): 2(0.035921), 3(0.035921), 
2530(372553): 2(0.059866), 3(0.059866), 
2531(185235): 2(0.086176), 3(0.086176), 
2532(404190): 
2533(20478): 
2534(371643): 2(0.034047), 3(0.034047), 
2535(303457): 2(0.033822), 3(0.033822), 
2536(378262): 
2537(274034): 0(0.060932), 
2538(537779): 0(0.060940), 
2539(450752): 0(0.036277), 
2540(125068): 
2541(314335): 1(0.056520), 
2542(189043): 
2543(267279): 
2544(164500): 
2545(485731): 
2546(217766): 
2547(207804): 
2548(299589): 
2549(506660): 
2550(212485): 
2551(515413): 
2552(48669): 
2553(261651): 2(0.034504), 3(0.034504), 
2554(321705): 
2555(37374): 
2556(223827): 
2557(366906): 1(0.043014), 
2558(32137): 1(0.066294), 
2559(131079): 0(0.059796), 
2560(423813): 0(0.079661), 
2561(80787): 
2562(211449): 
2563(134749): 
2564(241810): 
2565(443742): 
2566(438058): 
2567(521048): 
2568(390561): 1(0.116210), 
2569(8852): 
2570(510597): 1(0.097398), 
2571(74510): 
2572(312728): 
2573(533638): 
2574(205308): 1(0.043881), 
2575(111404): 1(0.040389), 
2576(187545): 
2577(196082): 
2578(33525): 0(0.084073), 
2579(395125): 0(0.059436), 
2580(367838): 0(0.059003), 
2581(131414): 0(0.046734), 
2582(202613): 
2583(299309): 
2584(200666): 2(0.037875), 3(0.037875), 
2585(95518): 0(0.034616), 
2586(261638): 1(0.055909), 
2587(112591): 
2588(502515): 0(0.043214), 
2589(62334): 0(0.043178), 
2590(238980): 
2591(210989): 1(0.050878), 
2592(434659): 1(0.040041), 
2593(385975): 0(0.102857), 
2594(271177): 1(0.068389), 
2595(370038): 1(0.068766), 
2596(493853): 1(0.068882), 
2597(370037): 1(0.045436), 
2598(421230): 0(0.061944), 
2599(523651): 
2600(425168): 7(0.149621), 
2601(317468): 7(0.073606), 
2602(83345): 7(0.073693), 
2603(326250): 7(0.074306), 
2604(522424): 7(0.073699), 
2605(40089): 7(0.151735), 
2606(138800): 7(0.074293), 
2607(268469): 7(0.073710), 
2608(114489): 7(0.152099), 
2609(40094): 1(0.044657), 
2610(291482): 1(0.044834), 
2611(230787): 1(0.079145), 
2612(502607): 
2613(362100): 
2614(400398): 2(0.048757), 3(0.048757), 
2615(263570): 2(0.071761), 3(0.071761), 
2616(517577): 
2617(84603): 
2618(192623): 2(0.060982), 3(0.060982), 
2619(477175): 2(0.073289), 3(0.073289), 
2620(127311): 2(0.073671), 3(0.073671), 
2621(198558): 
2622(378950): 2(0.034986), 3(0.034986), 
2623(268500): 
2624(219279): 
2625(66270): 
2626(175276): 
2627(353287): 
2628(199843): 1(0.044724), 
2629(253582): 1(0.044656), 
2630(466927): 
2631(94377): 0(0.061143), 
2632(405301): 0(0.054765), 
2633(353928): 0(0.061337), 
2634(292804): 0(0.047402), 
2635(436482): 0(0.048177), 
2636(511679): 0(0.084012), 
2637(148269): 
2638(364818): 0(0.060982), 
2639(34847): 0(0.057906), 
2640(470825): 0(0.060241), 
2641(237408): 0(0.060311), 
2642(464519): 0(0.049473), 
2643(416472): 0(0.085924), 
2644(46637): 0(0.034186), 
2645(89593): 0(0.098663), 
2646(173890): 0(0.049430), 
2647(145371): 0(0.049378), 
2648(450156): 0(0.048778), 
2649(251873): 0(0.060753), 
2650(23072): 0(0.109881), 
2651(419883): 0(0.059843), 
2652(163382): 0(0.084005), 
2653(223459): 
2654(459357): 0(0.085199), 
2655(345833): 0(0.048444), 
2656(532434): 0(0.073624), 
2657(317617): 
2658(232216): 0(0.071654), 
2659(322111): 0(0.223413), 
2660(24320): 0(0.069150), 
2661(329812): 
2662(350862): 0(0.057924), 
2663(488230): 
2664(441837): 0(0.097837), 
2665(275525): 
2666(298557): 0(0.072116), 
2667(465958): 1(0.070070), 
2668(538840): 1(0.235474), 
2669(526957): 1(0.058604), 
2670(502668): 1(0.058588), 
2671(367600): 1(0.152408), 
2672(524211): 
2673(40540): 1(0.069439), 
2674(420978): 1(0.044702), 
2675(340851): 1(0.068952), 
2676(288428): 
2677(203510): 2(0.120741), 3(0.120741), 
2678(316982): 2(0.071444), 3(0.071444), 
2679(2658): 2(0.109964), 3(0.109964), 
2680(275065): 2(0.048067), 3(0.048067), 7(0.035725), 
2681(463512): 0(0.061003), 
2682(9583): 0(0.083633), 
2683(529220): 0(0.061641), 
2684(498030): 
2685(327912): 
2686(467440): 0(0.042030), 
2687(141179): 
2688(95466): 0(0.048756), 
2689(221742): 
2690(522140): 0(0.048727), 
2691(209948): 7(0.035818), 
2692(310730): 
2693(503500): 1(0.160799), 
2694(102732): 0(0.040440), 
2695(242127): 
2696(205181): 
2697(104655): 0(0.044851), 
2698(240282): 0(0.046980), 
2699(193304): 0(0.046980), 
2700(413848): 0(0.057995), 
2701(187097): 
2702(135352): 
2703(238428): 
2704(284602): 0(0.058810), 
2705(325453): 0(0.036732), 
2706(269947): 0(0.060351), 
2707(154810): 0(0.046528), 
2708(501666): 
2709(123055): 
2710(525156): 
2711(89935): 0(0.037136), 
2712(327026): 0(0.058772), 
2713(188132): 0(0.037140), 
2714(210928): 2(0.044930), 3(0.044930), 
2715(328760): 0(0.036369), 
2716(54148): 0(0.036057), 
2717(455118): 2(0.067580), 3(0.067580), 
2718(142132): 0(0.048481), 
2719(399185): 0(0.037070), 
2720(284161): 
2721(236639): 0(0.060067), 
2722(342406): 0(0.048935), 
2723(77912): 
2724(437473): 1(0.044584), 
2725(154639): 
2726(271841): 
2727(463992): 
2728(25891): 
2729(319729): 
2730(233376): 0(0.069087), 
2731(91432): 0(0.070562), 
2732(262592): 
2733(395562): 0(0.034684), 
2734(113520): 0(0.056876), 
2735(152377): 0(0.060052), 
2736(15598): 
2737(268474): 0(0.037070), 
2738(325664): 2(0.035828), 3(0.035828), 
2739(465833): 2(0.059893), 3(0.059893), 
2740(242447): 
2741(418409): 
2742(178707): 
2743(386715): 
2744(338782): 
2745(208783): 
2746(208175): 
2747(382951): 
2748(66148): 
2749(391795): 
2750(525717): 
2751(366474): 
2752(318457): 
2753(275220): 1(0.211655), 
2754(48933): 
2755(420948): 
2756(215588): 
2757(143575): 
2758(135241): 
2759(370940): 
2760(476909): 
2761(516222): 0(0.035841), 
2762(465507): 
2763(280855): 
2764(187007): 1(0.079424), 
2765(520561): 7(0.072155), 
2766(197764): 2(0.072722), 3(0.072722), 
2767(267187): 
2768(533759): 2(0.047205), 3(0.047205), 
2769(454728): 
2770(122696): 
2771(66961): 
2772(86654): 
2773(514615): 
2774(140048): 
2775(39193): 1(0.055693), 
2776(324305): 
2777(268447): 1(0.064025), 
2778(437968): 
2779(364328): 
2780(333872): 
2781(231207): 
2782(326399): 0(0.060064), 
2783(355000): 2(0.047034), 3(0.047034), 
2784(196322): 
2785(452957): 
2786(271608): 1(0.091304), 
2787(82024): 1(0.056850), 
2788(370875): 0(0.043252), 
2789(208881): 1(0.080329), 
2790(296899): 1(0.056846), 
2791(365654): 1(0.103105), 
2792(116624): 1(0.043777), 
2793(502518): 0(0.047379), 
2794(407471): 0(0.071265), 
2795(397545): 
2796(84735): 0(0.059581), 
2797(46189): 
2798(206470): 2(0.049115), 3(0.049115), 
2799(350531): 
2800(43510): 
2801(210561): 0(0.047079), 
2802(538802): 1(0.056675), 
2803(268764): 1(0.080044), 
2804(111780): 1(0.043043), 
2805(338265): 1(0.054752), 
2806(422449): 1(0.043035), 
2807(302962): 
2808(138004): 1(0.039118), 
2809(145767): 
2810(508388): 
2811(318558): 
2812(185002): 
2813(221535): 
2814(161022): 0(0.092514), 
2815(499343): 
2816(498490): 0(0.046714), 
2817(277122): 0(0.045995), 
2818(5240): 0(0.091522), 
2819(253281): 0(0.046025), 
2820(303898): 0(0.069257), 
2821(331799): 0(0.034546), 
2822(426212): 0(0.105981), 
2823(401109): 
2824(150052): 
2825(456326): 
2826(429273): 
2827(3378): 
2828(1456): 0(0.042215), 
2829(44461): 
2830(497189): 
2831(216031): 
2832(199973): 
2833(253149): 
2834(189718): 
2835(467160): 
2836(232954): 
2837(340253): 
2838(442363): 
2839(367758): 2(0.050299), 3(0.050299), 
2840(502979): 
2841(220799): 2(0.036794), 3(0.036794), 
2842(147584): 
2843(1908): 
2844(51803): 2(0.036723), 3(0.036723), 
2845(232903): 2(0.036490), 3(0.036490), 
2846(377485): 2(0.037856), 3(0.037856), 
2847(79585): 2(0.111032), 3(0.111032), 
2848(46167): 1(0.046331), 2(0.034604), 3(0.034604), 
2849(235626): 1(0.053585), 
2850(433647): 2(0.037851), 3(0.037851), 
2851(120236): 2(0.062132), 3(0.062132), 
2852(313528): 2(0.060003), 3(0.060003), 
2853(70839): 2(0.062107), 3(0.062107), 
2854(230139): 
2855(217764): 
2856(28194): 
2857(272711): 
2858(235299): 1(0.041851), 
2859(155467): 1(0.053261), 
2860(526450): 0(0.047317), 
2861(140490): 0(0.047552), 
2862(233742): 0(0.047410), 
2863(364960): 0(0.048696), 
2864(11657): 0(0.034669), 
2865(494798): 0(0.060585), 
2866(241829): 0(0.044504), 
2867(525743): 0(0.056855), 
2868(298892): 
2869(179485): 0(0.054594), 
2870(417631): 2(0.067962), 3(0.067962), 
2871(142987): 
2872(409952): 
2873(323925): 
2874(80631): 
2875(41385): 2(0.047987), 3(0.047987), 
2876(265905): 
2877(460453): 
2878(67432): 1(0.106144), 
2879(223636): 1(0.034170), 
2880(406115): 1(0.057124), 
2881(224120): 
2882(435793): 
2883(497902): 
2884(146405): 
2885(502248): 2(0.134341), 3(0.134341), 
2886(497260): 
2887(200536): 
2888(319210): 
2889(241757): 
2890(102852): 2(0.034751), 3(0.034751), 
2891(250109): 
2892(471733): 
2893(507167): 
2894(525539): 
2895(461206): 1(0.043919), 
2896(301812): 2(0.036122), 3(0.036122), 
2897(486787): 
2898(211550): 
2899(304570): 
2900(26984): 
2901(476937): 
2902(74029): 
2903(416157): 
2904(69695): 0(0.036573), 
2905(401212): 
2906(313288): 
2907(50271): 
2908(82129): 
2909(516602): 
2910(339657): 
2911(432354): 
2912(134759): 
2913(130300): 
2914(110217): 2(0.061868), 3(0.061868), 
2915(322184): 1(0.078493), 
2916(382381): 
2917(358448): 
2918(54469): 
2919(219366): 
2920(491745): 1(0.057128), 
2921(318228): 
2922(262685): 
2923(350154): 
2924(201159): 7(0.107301), 
2925(9082): 7(0.070853), 
2926(312222): 7(0.070851), 
2927(477506): 
2928(375397): 2(0.035309), 3(0.035309), 
2929(130785): 
2930(530681): 1(0.090620), 
2931(493731): 
2932(542496): 
2933(290479): 
2934(338056): 
2935(419055): 
2936(282792): 
2937(86097): 2(0.046240), 3(0.046240), 
2938(11851): 0(0.060034), 
2939(305355): 
2940(28100): 
2941(52346): 1(0.056868), 
2942(374671): 1(0.092784), 
2943(398973): 1(0.054610), 
2944(368333): 
2945(351768): 
2946(355683): 2(0.057249), 3(0.057249), 
2947(286246): 
2948(251709): 1(0.044634), 
2949(13516): 
2950(20178): 
2951(501529): 
2952(538541): 
2953(160461): 
2954(198422): 0(0.054403), 
2955(149272): 
2956(498882): 
2957(87756): 1(0.079937), 
2958(21909): 1(0.067788), 
2959(10350): 1(0.045124), 
2960(258354): 1(0.067741), 
2961(512359): 1(0.045143), 
2962(511958): 1(0.091604), 
2963(313815): 1(0.091592), 
2964(97696): 2(0.060915), 3(0.060915), 
2965(101112): 2(0.085167), 3(0.085167), 
2966(240563): 2(0.060777), 3(0.060777), 
2967(157638): 2(0.072877), 3(0.072877), 
2968(39424): 1(0.081390), 
2969(508427): 1(0.067056), 
2970(255299): 
2971(220595): 0(0.052983), 
2972(85147): 0(0.083602), 
2973(264313): 
2974(183680): 
2975(396122): 
2976(140139): 
2977(397010): 
2978(98546): 
2979(324827): 
2980(219248): 
2981(164231): 
2982(142299): 
2983(422525): 
2984(191544): 
2985(209086): 1(0.034310), 
2986(269069): 1(0.126520), 
2987(209084): 1(0.034177), 
2988(148422): 2(0.034822), 3(0.034822), 
2989(202799): 2(0.036345), 3(0.036345), 
2990(330920): 0(0.083537), 
2991(311777): 0(0.044867), 
2992(509861): 0(0.072078), 
2993(490441): 0(0.072054), 
2994(249443): 1(0.034881), 
2995(61765): 2(0.035587), 3(0.035587), 
2996(362589): 2(0.035582), 3(0.035582), 
2997(480052): 2(0.061361), 3(0.061361), 
2998(134032): 2(0.061328), 3(0.061328), 
2999(210522): 0(0.035823), 
3000(304594): 
3001(22149): 
3002(199798): 0(0.084351), 
3003(221738): 0(0.071874), 
3004(459103): 0(0.096138), 
3005(75437): 0(0.059339), 
3006(111739): 0(0.107784), 
3007(267805): 1(0.056280), 
3008(74204): 2(0.036014), 3(0.036014), 
3009(118624): 2(0.068377), 3(0.068377), 
3010(396668): 
3011(482469): 0(0.061187), 
3012(152188): 0(0.046468), 
3013(274333): 0(0.046322), 
3014(384396): 0(0.061150), 
3015(4517): 0(0.081891), 
3016(416403): 
3017(239209): 0(0.047860), 
3018(176422): 
3019(259174): 
3020(61167): 0(0.044434), 
3021(527095): 
3022(1051): 1(0.052211), 
3023(443803): 1(0.042364), 
3024(3040): 1(0.050071), 
3025(541462): 1(0.039631), 
3026(43159): 
3027(424182): 
3028(515365): 
3029(432013): 
3030(5289): 
3031(130111): 
3032(12602): 0(0.045580), 
3033(12629): 
3034(264275): 0(0.043058), 
3035(10857): 
3036(498249): 
3037(431412): 
3038(493271): 
3039(481346): 0(0.046741), 
3040(335587): 0(0.109265), 
3041(227617): 
3042(362887): 0(0.047275), 
3043(393241): 0(0.072282), 
3044(327947): 0(0.084493), 
3045(237001): 0(0.170826), 
3046(439776): 
3047(385481): 
3048(433039): 7(0.034840), 
3049(527083): 7(0.034761), 
3050(274169): 2(0.035748), 3(0.035748), 
3051(485259): 
3052(510845): 
3053(217006): 2(0.045502), 3(0.045502), 
3054(459181): 1(0.046856), 
3055(218586): 1(0.188944), 
3056(265607): 
3057(340918): 
3058(486736): 
3059(84629): 2(0.048511), 3(0.048511), 
3060(235240): 
3061(45254): 1(0.057397), 
3062(123968): 1(0.189405), 
3063(18330): 1(0.069247), 
3064(26457): 1(0.104461), 
3065(141006): 2(0.034675), 3(0.034675), 
3066(354711): 2(0.055632), 3(0.055632), 
3067(67100): 7(0.109416), 
3068(276691): 7(0.109003), 
3069(141222): 7(0.072478), 
3070(471831): 1(0.046721), 
3071(221820): 
3072(379157): 
3073(379172): 
3074(531131): 
3075(429021): 
3076(44801): 
3077(478813): 0(0.060415), 
3078(458929): 0(0.048662), 
3079(294042): 0(0.035414), 
3080(73708): 0(0.049845), 
3081(270774): 
3082(87150): 
3083(413304): 
3084(463845): 
3085(12576): 
3086(460255): 
3087(341047): 1(0.079554), 
3088(44829): 1(0.069517), 
3089(298373): 1(0.056860), 
3090(231939): 1(0.080818), 
3091(398486): 1(0.092752), 
3092(520431): 1(0.045127), 
3093(83184): 1(0.045304), 
3094(179042): 1(0.045212), 
3095(362687): 1(0.043161), 
3096(221727): 1(0.044718), 
3097(70613): 1(0.065133), 
3098(7015): 1(0.046546), 
3099(402412): 
3100(402151): 1(0.045084), 
3101(22868): 
3102(495842): 0(0.046006), 
3103(253595): 0(0.034680), 
3104(41798): 0(0.047696), 
3105(183811): 0(0.056638), 
3106(29996): 
3107(58789): 
3108(94396): 
3109(44344): 
3110(73568): 2(0.072933), 3(0.072933), 
3111(299723): 
3112(36528): 0(0.034818), 
3113(456483): 1(0.039663), 
3114(164004): 7(0.036106), 
3115(524076): 2(0.044508), 3(0.044508), 
3116(160683): 
3117(10209): 
3118(253274): 
3119(221602): 0(0.118842), 
3120(391303): 
3121(277579): 
3122(437666): 
3123(400409): 0(0.040717), 
3124(500308): 
3125(288683): 0(0.046015), 
3126(375294): 0(0.043007), 
3127(504794): 
3128(220916): 1(0.057458), 
3129(268065): 1(0.052366), 
3130(461594): 
3131(60047): 
3132(134050): 
3133(421359): 
3134(212915): 
3135(76840): 
3136(217037): 
3137(196206): 
3138(266665): 
3139(472113): 1(0.059301), 
3140(474454): 
3141(333883): 
3142(107616): 
3143(462015): 
3144(222805): 
3145(68719): 0(0.034043), 
3146(233185): 
3147(102183): 1(0.057709), 
3148(272129): 1(0.045552), 
3149(203027): 1(0.058258), 
3150(1128): 
3151(416730): 
3152(169012): 
3153(504933): 2(0.045322), 3(0.045322), 
3154(517440): 2(0.037851), 3(0.037851), 
3155(412167): 2(0.063293), 3(0.063293), 
3156(362056): 2(0.037699), 3(0.037699), 
3157(45768): 2(0.270150), 3(0.270150), 
3158(371469): 
3159(156376): 2(0.050472), 3(0.050472), 
3160(34117): 2(0.088587), 3(0.088587), 
3161(503292): 2(0.057623), 3(0.057623), 
3162(169199): 2(0.125722), 3(0.125722), 
3163(194509): 2(0.061751), 3(0.061751), 
3164(453943): 
3165(176333): 2(0.037779), 3(0.037779), 
3166(165543): 
3167(157544): 
3168(478518): 2(0.126465), 3(0.126465), 
3169(258329): 2(0.063307), 3(0.063307), 
3170(18048): 2(0.049268), 3(0.049268), 
3171(253678): 2(0.087869), 3(0.087869), 
3172(393687): 2(0.037506), 3(0.037506), 
3173(396212): 
3174(131572): 2(0.149468), 3(0.149468), 
3175(300173): 1(0.041688), 
3176(846): 2(0.037250), 3(0.037250), 
3177(246577): 2(0.049400), 3(0.049400), 
3178(422482): 1(0.058694), 
3179(347216): 2(0.050148), 3(0.050148), 
3180(296326): 2(0.049402), 3(0.049402), 
3181(496416): 2(0.049881), 3(0.049881), 
3182(466848): 2(0.048074), 3(0.048074), 
3183(380844): 2(0.035882), 3(0.035882), 
3184(357889): 0(0.146278), 
3185(525297): 
3186(280999): 
3187(216737): 
3188(346668): 
3189(542981): 
3190(521946): 
3191(118611): 1(0.057492), 
3192(422199): 1(0.058868), 
3193(401547): 1(0.058873), 
3194(215704): 1(0.058371), 
3195(507926): 1(0.058451), 
3196(541476): 1(0.059244), 
3197(255684): 1(0.047083), 
3198(183371): 1(0.046065), 
3199(345944): 
3200(76555): 0(0.044690), 
3201(196147): 0(0.054957), 
3202(288602): 0(0.054155), 
3203(417712): 0(0.034096), 
3204(298180): 0(0.047455), 
3205(494343): 
3206(50552): 1(0.065478), 
3207(372959): 1(0.043646), 
3208(289767): 
3209(303793): 
3210(166531): 
3211(521280): 1(0.058407), 
3212(439503): 
3213(540421): 
3214(98963): 
3215(462653): 
3216(18053): 0(0.061140), 
3217(152368): 0(0.061839), 
3218(90881): 0(0.060171), 
3219(142182): 0(0.061812), 
3220(348012): 0(0.061840), 
3221(239824): 2(0.046207), 3(0.046207), 
3222(158486): 2(0.034652), 3(0.034652), 
3223(252324): 
3224(86073): 2(0.034660), 3(0.034660), 
3225(443560): 
3226(55480): 
3227(262624): 
3228(390694): 
3229(508835): 
3230(48646): 
3231(15588): 
3232(399235): 
3233(198540): 
3234(196261): 
3235(361974): 
3236(379861): 
3237(4197): 0(0.048846), 
3238(42611): 
3239(285690): 
3240(33171): 
3241(126726): 1(0.046140), 
3242(1798): 1(0.070090), 
3243(177861): 
3244(375959): 
3245(230021): 1(0.068717), 
3246(370035): 1(0.058244), 
3247(414146): 1(0.045177), 
3248(224015): 1(0.092841), 
3249(285978): 
3250(148994): 
3251(463776): 2(0.082846), 3(0.082846), 
3252(39247): 
3253(47948): 
3254(406330): 
3255(218349): 2(0.035622), 3(0.035622), 
3256(61940): 
3257(513711): 2(0.071457), 3(0.071457), 
3258(161357): 2(0.071445), 3(0.071445), 
3259(193732): 2(0.035611), 3(0.035611), 
3260(517466): 
3261(221324): 
3262(403396): 0(0.058441), 
3263(433550): 0(0.083183), 
3264(393757): 
3265(369845): 1(0.053969), 
3266(81876): 
3267(372904): 
3268(430034): 
3269(46921): 
3270(350093): 0(0.068851), 
3271(224319): 0(0.057561), 
3272(88992): 
3273(72280): 
3274(256611): 
3275(203337): 1(0.034589), 
3276(454651): 1(0.044742), 
3277(207089): 1(0.034522), 
3278(53935): 1(0.034570), 
3279(509548): 1(0.044719), 
3280(221444): 1(0.057475), 
3281(478986): 
3282(446454): 
3283(536145): 
3284(170246): 2(0.036150), 3(0.036150), 
3285(409828): 0(0.058266), 
3286(128507): 0(0.045981), 
3287(9200): 1(0.068189), 
3288(330888): 1(0.057708), 
3289(527810): 
3290(187043): 
3291(42468): 
3292(142889): 1(0.046324), 
3293(506537): 1(0.046335), 
3294(259930): 1(0.068838), 
3295(293386): 1(0.046671), 
3296(61947): 1(0.034962), 
3297(120173): 1(0.046327), 
3298(114188): 
3299(507857): 
3300(297086): 0(0.043874), 
3301(110351): 
3302(126687): 
3303(233987): 
3304(358765): 
3305(178507): 
3306(197687): 
3307(98551): 7(0.188279), 
3308(303366): 7(0.147148), 
3309(28906): 0(0.036814), 
3310(72510): 
3311(539857): 
3312(538452): 
3313(28802): 
3314(538451): 
3315(28801): 
3316(127317): 
3317(476551): 
3318(535901): 0(0.046681), 
3319(287058): 1(0.035090), 
3320(405655): 1(0.127215), 
3321(19681): 
3322(300530): 1(0.067608), 
3323(429472): 2(0.049077), 3(0.049077), 
3324(415480): 2(0.045911), 3(0.045911), 
3325(476260): 
3326(115928): 0(0.034718), 
3327(398348): 
3328(111457): 
3329(269425): 0(0.048222), 
3330(380688): 0(0.034591), 
3331(514610): 0(0.048183), 
3332(240051): 0(0.046536), 
3333(535166): 0(0.072190), 
3334(135425): 0(0.057672), 
3335(180063): 
3336(148794): 
3337(145408): 0(0.035925), 
3338(543997): 
3339(380473): 
3340(241789): 
3341(20767): 1(0.040154), 
3342(255092): 
3343(334446): 1(0.076127), 
3344(288218): 
3345(406063): 
3346(415661): 
3347(92981): 0(0.033805), 
3348(397326): 
3349(159488): 0(0.049937), 
3350(2238): 2(0.046532), 3(0.046532), 
3351(224156): 
3352(203316): 
3353(360506): 0(0.158362), 
3354(419936): 
3355(333143): 
3356(150985): 
3357(306697): 
3358(172738): 1(0.033810), 
3359(172734): 1(0.057047), 
3360(539838): 
3361(88853): 1(0.050773), 
3362(291787): 
3363(289236): 
3364(462824): 
3365(334239): 
3366(494913): 
3367(172730): 1(0.058270), 
3368(467686): 
3369(309899): 
3370(459772): 0(0.071100), 
3371(473544): 
3372(97062): 
3373(326737): 
3374(28704): 0(0.043128), 
3375(305337): 
3376(260680): 
3377(536994): 
3378(428449): 
3379(302914): 
3380(496682): 
3381(219295): 0(0.060299), 
3382(181441): 0(0.048269), 
3383(391614): 0(0.132745), 
3384(265544): 0(0.060253), 
3385(166466): 0(0.046953), 
3386(421737): 0(0.060258), 
3387(236593): 0(0.058184), 
3388(376047): 2(0.072764), 3(0.072764), 
3389(518614): 2(0.085115), 3(0.085115), 
3390(461955): 2(0.060516), 3(0.060516), 
3391(350073): 2(0.060492), 3(0.060492), 
3392(413763): 2(0.060558), 3(0.060558), 
3393(72173): 2(0.042055), 3(0.042055), 7(0.053746), 
3394(144417): 2(0.047120), 3(0.047120), 
3395(251801): 
3396(387259): 
3397(214718): 
3398(496585): 2(0.071246), 3(0.071246), 
3399(438817): 
3400(260384): 
3401(440291): 
3402(429711): 1(0.046461), 
3403(244555): 1(0.034484), 
3404(7611): 1(0.034428), 
3405(209082): 1(0.102957), 
3406(350217): 
3407(290857): 2(0.046959), 3(0.046959), 
3408(192593): 
3409(219251): 2(0.095770), 3(0.095770), 
3410(343955): 7(0.186090), 
3411(201923): 2(0.060581), 3(0.060581), 
3412(349843): 2(0.035480), 3(0.035480), 
3413(486848): 
3414(537648): 0(0.039496), 
3415(363157): 0(0.034398), 
3416(320143): 
3417(246359): 2(0.045770), 3(0.045770), 
3418(362757): 
3419(327568): 
3420(455353): 
3421(81425): 
3422(303779): 
3423(279308): 
3424(278935): 1(0.035282), 
3425(21275): 
3426(506555): 
3427(375419): 
3428(403837): 0(0.034088), 
3429(506085): 
3430(198933): 0(0.035110), 
3431(220875): 0(0.059315), 
3432(442885): 0(0.034811), 
3433(412742): 1(0.056877), 
3434(412748): 1(0.057723), 
3435(84016): 
3436(164427): 
3437(25404): 
3438(4907): 
3439(396524): 
3440(189637): 
3441(3013): 
3442(168126): 
3443(457641): 1(0.045242), 
3444(128761): 
3445(81087): 1(0.053585), 
3446(465681): 
3447(97614): 1(0.047217), 
3448(192119): 
3449(445778): 1(0.043096), 
3450(317903): 1(0.079379), 
3451(453166): 1(0.079375), 
3452(201084): 0(0.036031), 
3453(419094): 0(0.035708), 
3454(18243): 
3455(190051): 
3456(219367): 
3457(435987): 
3458(338975): 0(0.048387), 
3459(187446): 
3460(227918): 
3461(58148): 0(0.049573), 
3462(512784): 
3463(226881): 0(0.037439), 
3464(408920): 0(0.045231), 
3465(227573): 
3466(376354): 
3467(495022): 2(0.060782), 3(0.060782), 
3468(391267): 0(0.049811), 
3469(315562): 
3470(387036): 
3471(24913): 1(0.043962), 
3472(59815): 
3473(179254): 
3474(51345): 
3475(360235): 1(0.058264), 
3476(413383): 1(0.058244), 
3477(255996): 
3478(362452): 
3479(384607): 2(0.045345), 3(0.045345), 
3480(3654): 2(0.047636), 3(0.047636), 
3481(12977): 2(0.059948), 3(0.059948), 
3482(272661): 2(0.059942), 3(0.059942), 
3483(288950): 
3484(274714): 
3485(530305): 0(0.034437), 
3486(353781): 1(0.034688), 
3487(371069): 
3488(394459): 0(0.043113), 
3489(21501): 2(0.035829), 3(0.035829), 
3490(416708): 
3491(241723): 
3492(461304): 
3493(337150): 
3494(452249): 
3495(394725): 0(0.056921), 
3496(257022): 
3497(496405): 
3498(54118): 0(0.036631), 
3499(450197): 0(0.061035), 
3500(346960): 
3501(24472): 0(0.048427), 
3502(346651): 
3503(9786): 0(0.049110), 
3504(365095): 0(0.048400), 
3505(157270): 0(0.046474), 
3506(34171): 0(0.047448), 
3507(172482): 0(0.048430), 
3508(187566): 0(0.047480), 
3509(493310): 
3510(477252): 
3511(237414): 1(0.046255), 
3512(259563): 
3513(47497): 
3514(174849): 
3515(285606): 
3516(6314): 2(0.062492), 3(0.062492), 
3517(289937): 0(0.035419), 
3518(395968): 
3519(72981): 0(0.049367), 
3520(33947): 
3521(285597): 
3522(35761): 
3523(146311): 
3524(165633): 
3525(252145): 
3526(87863): 2(0.034710), 3(0.034710), 
3527(295308): 
3528(374862): 
3529(179815): 
3530(462677): 0(0.071365), 
3531(502094): 
3532(447589): 0(0.048035), 
3533(34331): 
3534(269545): 
3535(62707): 
3536(339629): 
3537(190212): 
3538(321387): 7(0.109325), 
3539(314143): 7(0.107290), 
3540(476929): 
3541(388144): 2(0.035012), 3(0.035012), 
3542(89331): 0(0.059174), 
3543(6537): 
3544(476640): 
3545(467161): 
3546(81936): 
3547(179920): 0(0.055485), 
3548(529105): 0(0.084004), 
3549(7646): 0(0.059362), 
3550(392555): 7(0.035775), 
3551(326386): 7(0.144704), 
3552(478204): 7(0.339727), 
3553(497266): 0(0.120967), 
3554(90093): 
3555(228444): 
3556(421072): 
3557(257613): 
3558(521783): 2(0.047767), 3(0.047767), 
3559(325175): 2(0.085293), 3(0.085293), 
3560(87198): 
3561(469013): 2(0.097576), 3(0.097576), 
3562(17131): 
3563(527780): 0(0.046128), 
3564(136159): 
3565(288159): 
3566(398085): 7(0.035137), 
3567(482487): 7(0.182265), 
3568(19507): 
3569(193660): 
3570(309600): 
3571(318630): 1(0.044892), 
3572(325654): 
3573(397038): 1(0.055317), 
3574(91959): 
3575(459796): 1(0.035780), 
3576(82381): 
3577(48932): 7(0.184760), 
3578(262266): 
3579(289610): 
3580(499226): 
3581(347449): 0(0.062218), 
3582(19100): 
3583(340275): 2(0.061943), 3(0.061943), 
3584(41702): 0(0.043802), 
3585(8186): 2(0.046296), 3(0.046296), 
3586(234646): 
3587(352369): 
3588(80078): 1(0.042941), 
3589(113481): 1(0.042953), 
3590(92904): 
3591(485805): 0(0.048378), 
3592(89524): 
3593(67927): 0(0.061097), 
3594(457546): 0(0.048387), 
3595(283045): 
3596(162302): 
3597(211031): 
3598(374263): 0(0.047813), 
3599(193615): 0(0.034338), 
3600(438202): 
3601(537655): 0(0.060386), 
3602(251427): 
3603(542951): 
3604(431685): 
3605(421086): 
3606(32730): 
3607(244554): 0(0.038834), 
3608(490249): 
3609(127324): 
3610(28803): 
3611(480928): 
3612(165657): 
3613(489870): 1(0.056626), 
3614(526317): 2(0.046863), 3(0.046863), 
3615(205173): 
3616(469434): 
3617(508234): 1(0.087648), 
3618(361859): 
3619(79068): 
3620(17264): 
3621(527445): 2(0.060116), 3(0.060116), 
3622(533026): 
3623(6162): 
3624(471215): 
3625(126274): 
3626(404163): 
3627(463318): 
3628(78231): 0(0.049319), 
3629(237746): 1(0.034862), 
3630(381187): 
3631(431542): 
3632(372115): 7(0.072481), 
3633(54830): 
3634(509299): 
3635(379830): 
3636(115663): 7(0.223308), 
3637(373576): 7(0.185104), 
3638(66008): 
3639(325285): 
3640(104606): 
3641(193719): 
3642(303794): 
3643(498855): 
3644(446149): 
3645(104342): 
3646(301831): 
3647(489537): 
3648(354751): 0(0.041542), 
3649(50802): 
3650(399705): 
3651(510965): 
3652(21867): 
3653(511894): 
3654(30670): 
3655(409141): 1(0.044068), 
3656(251616): 
3657(308684): 
3658(36340): 
3659(208764): 2(0.034952), 3(0.034952), 
3660(490066): 
3661(2980): 0(0.047602), 
3662(358643): 
3663(415343): 0(0.036123), 
3664(13629): 0(0.035546), 
3665(46033): 
3666(158241): 2(0.037273), 3(0.037273), 
3667(125879): 
3668(401233): 
3669(352916): 1(0.045128), 
3670(143638): 
3671(487192): 1(0.043615), 
3672(510733): 
3673(9902): 
3674(125706): 
3675(482676): 
3676(104696): 
3677(52624): 2(0.035508), 3(0.035508), 
3678(166892): 
3679(523749): 
3680(442932): 
3681(143483): 
3682(211814): 
3683(418495): 
3684(484007): 1(0.056056), 
3685(362752): 
3686(381338): 
3687(402965): 
3688(301159): 1(0.036835), 
3689(251299): 
3690(389970): 0(0.038393), 
3691(128401): 0(0.043009), 
3692(103709): 0(0.067738), 
3693(328566): 7(0.111794), 
3694(346241): 
3695(539703): 1(0.040656), 
3696(254753): 
3697(83780): 
3698(528063): 
3699(185006): 2(0.061871), 3(0.061871), 
3700(425908): 2(0.062665), 3(0.062665), 
3701(330646): 
3702(221773): 2(0.099490), 3(0.099490), 
3703(513081): 
3704(166359): 
3705(393397): 
3706(474979): 
3707(461511): 0(0.047668), 
3708(502984): 1(0.034644), 
3709(203189): 1(0.046291), 
3710(294663): 
3711(41002): 
3712(307417): 
3713(520130): 
3714(317683): 2(0.047781), 3(0.047781), 
3715(190213): 
3716(181419): 
3717(395289): 1(0.042708), 
3718(525685): 1(0.042709), 
3719(531628): 1(0.042697), 
3720(344755): 1(0.042696), 
3721(182369): 
3722(329492): 
3723(362689): 
3724(68374): 
3725(256634): 
3726(353514): 
3727(304506): 
3728(522898): 1(0.045586), 
3729(520483): 
3730(30110): 0(0.049093), 
3731(390158): 0(0.060702), 
3732(506635): 1(0.092057), 
3733(106192): 
3734(341791): 1(0.053337), 
3735(539327): 1(0.033817), 
3736(477582): 1(0.034061), 
3737(415598): 0(0.049515), 
3738(429264): 
3739(309741): 2(0.071282), 3(0.071282), 
3740(156378): 7(0.035710), 
3741(164220): 
3742(322421): 
3743(484038): 
3744(543624): 1(0.046382), 
3745(534747): 1(0.034436), 
3746(207295): 1(0.033984), 
3747(207301): 1(0.033999), 
3748(425779): 
3749(180502): 0(0.034295), 
3750(40918): 
3751(53100): 
3752(92579): 
3753(908): 
3754(336600): 
3755(284725): 
3756(39544): 0(0.035952), 
3757(4784): 1(0.041957), 
3758(184375): 
3759(462102): 7(0.034840), 
3760(456658): 7(0.106643), 
3761(327505): 
3762(262239): 7(0.035881), 
3763(246556): 7(0.035865), 
3764(377159): 1(0.046958), 
3765(350673): 1(0.055516), 
3766(99699): 
3767(77260): 1(0.047047), 
3768(379117): 
3769(292815): 1(0.042077), 
3770(445769): 
3771(44362): 
3772(41324): 
3773(117544): 2(0.036531), 3(0.036531), 
3774(186669): 
3775(382233): 2(0.045582), 3(0.045582), 
3776(249248): 
3777(41056): 
3778(332937): 
3779(398078): 
3780(421115): 
3781(103874): 
3782(232597): 7(0.034205), 
3783(114236): 
3784(273200): 
3785(3614): 
3786(423588): 
3787(337523): 1(0.035956), 
3788(348201): 0(0.035973), 
3789(121): 0(0.048539), 
3790(338424): 0(0.035811), 
3791(308630): 0(0.035002), 
3792(245664): 
3793(412414): 
3794(310050): 1(0.043624), 
3795(124233): 1(0.043644), 
3796(503444): 
3797(349685): 
3798(408438): 
3799(159731): 
3800(318037): 
3801(244936): 
3802(226581): 1(0.043146), 
3803(336046): 0(0.034386), 
3804(401191): 
3805(30099): 
3806(207300): 
3807(207299): 
3808(542001): 
3809(365221): 
3810(382823): 0(0.060494), 
3811(11322): 
3812(359235): 
3813(371298): 
3814(89160): 
3815(527839): 
3816(105965): 
3817(314835): 
3818(55075): 
3819(386408): 
3820(335966): 
3821(363689): 
3822(523226): 
3823(6866): 
3824(286606): 0(0.035551), 
3825(248734): 
3826(424284): 0(0.038333), 
3827(368083): 
3828(475219): 0(0.047631), 
3829(392314): 
3830(491118): 
3831(146995): 
3832(124809): 0(0.034897), 
3833(439760): 
3834(77214): 
3835(457899): 2(0.036425), 3(0.036425), 
3836(148266): 
3837(437229): 0(0.035217), 
3838(327375): 
3839(506306): 1(0.044499), 
3840(47599): 1(0.068089), 
3841(359929): 1(0.069011), 
3842(131517): 2(0.036172), 3(0.036172), 
3843(248571): 
3844(517872): 
3845(124885): 
3846(434848): 
3847(432953): 
3848(273937): 
3849(129731): 0(0.034325), 
3850(517487): 0(0.044929), 
3851(481258): 
3852(132154): 0(0.033955), 
3853(310416): 
3854(151229): 
3855(21697): 
3856(418946): 0(0.042721), 
3857(520031): 
3858(230588): 1(0.057833), 
3859(294460): 1(0.034891), 
3860(256370): 
3861(108451): 
3862(203876): 
3863(389437): 1(0.040648), 
3864(22014): 0(0.083401), 
3865(508899): 2(0.035253), 3(0.035253), 
3866(82350): 
3867(442235): 
3868(118235): 
3869(502207): 
3870(433973): 
3871(379174): 
3872(306870): 
3873(325252): 
3874(360724): 
3875(208993): 
3876(137915): 
3877(2394): 
3878(72546): 2(0.035153), 3(0.035153), 
3879(328577): 
3880(2779): 
3881(470784): 
3882(85574): 
3883(193365): 
3884(437999): 2(0.034822), 3(0.034822), 
3885(62708): 2(0.034827), 3(0.034827), 
3886(328658): 2(0.048550), 3(0.048550), 
3887(56036): 
3888(272513): 0(0.044112), 
3889(334093): 2(0.035498), 3(0.035498), 
3890(239904): 
3891(402982): 
3892(228110): 
3893(529415): 
3894(539705): 
3895(83966): 
3896(277424): 
3897(607): 1(0.042735), 
3898(3466): 
3899(523605): 
3900(112160): 
3901(359701): 
3902(202874): 
3903(517483): 1(0.045494), 
3904(425112): 
3905(167356): 
3906(35617): 0(0.034978), 
3907(142135): 
3908(397350): 
3909(202890): 
3910(437741): 
3911(333450): 
3912(322412): 1(0.057312), 
3913(29093): 
3914(342020): 
3915(289850): 
3916(520870): 
3917(178611): 
3918(249583): 0(0.036403), 
3919(450153): 
3920(535728): 
3921(377662): 
3922(291843): 
3923(170192): 
3924(259569): 
3925(285622): 
3926(478379): 1(0.052145), 
3927(3947): 1(0.058887), 
3928(526442): 
3929(123891): 
3930(270213): 
3931(1020): 1(0.058116), 
3932(432995): 
3933(548514): 
3934(444947): 
3935(415744): 1(0.045854), 
3936(59046): 1(0.078125), 
3937(366537): 
3938(126594): 
3939(271343): 
3940(350388): 0(0.034973), 
3941(41642): 
3942(442769): 
3943(405671): 
3944(37869): 1(0.033767), 
3945(368413): 
3946(230019): 1(0.044607), 
3947(436678): 
3948(203064): 
3949(290184): 0(0.060305), 
3950(124204): 0(0.047141), 
3951(152372): 0(0.060263), 
3952(460786): 
3953(8563): 0(0.047926), 
3954(479903): 
3955(64755): 2(0.061394), 3(0.061394), 
3956(250071): 2(0.061393), 3(0.061393), 
3957(532557): 
3958(330267): 
3959(517457): 
3960(27058): 
3961(134802): 
3962(204210): 2(0.057520), 3(0.057520), 
3963(296796): 
3964(72232): 1(0.059119), 
3965(144838): 
3966(189585): 
3967(308089): 0(0.036327), 
3968(548460): 1(0.056664), 
3969(338235): 
3970(455815): 
3971(467484): 
3972(189292): 
3973(114751): 
3974(125201): 
3975(52945): 0(0.048804), 
3976(153899): 
3977(127971): 
3978(368531): 
3979(244638): 
3980(213382): 2(0.034312), 3(0.034312), 
3981(453731): 2(0.046600), 3(0.046600), 
3982(117450): 2(0.034308), 3(0.034308), 
3983(337637): 
3984(405650): 
3985(12741): 
3986(389865): 1(0.034898), 
3987(238623): 1(0.034890), 
3988(355927): 
3989(383181): 
3990(161743): 0(0.035250), 
3991(50306): 2(0.048258), 3(0.048258), 
3992(211999): 
3993(372506): 
3994(43066): 
3995(230016): 1(0.045736), 
3996(9862): 1(0.045635), 
3997(229585): 
3998(427856): 
3999(173057): 
4000(359532): 
4001(444929): 
4002(533009): 
4003(262972): 1(0.036928), 
4004(358915): 
4005(484525): 7(0.111878), 
4006(393279): 
4007(454725): 
4008(303321): 
4009(318493): 1(0.046947), 
4010(264008): 1(0.046286), 
4011(430045): 1(0.046358), 
4012(548396): 1(0.046292), 
4013(345363): 
4014(364610): 
4015(184581): 
4016(124409): 
4017(21995): 
4018(206214): 
4019(131543): 
4020(60181): 
4021(285641): 
4022(235800): 
4023(153091): 
4024(418027): 
4025(215040): 2(0.036123), 3(0.036123), 
4026(486596): 
4027(483233): 
4028(80504): 
4029(206691): 
4030(473769): 
4031(328246): 1(0.039657), 
4032(155374): 
4033(392943): 
4034(14036): 
4035(401921): 
4036(401883): 
4037(136868): 
4038(2067): 
4039(309403): 7(0.072813), 
4040(236787): 7(0.147146), 
4041(133148): 7(0.295005), 
4042(155361): 7(0.035828), 
4043(163684): 
4044(242333): 7(0.073801), 
4045(124983): 7(0.073795), 
4046(268788): 7(0.036579), 
4047(414190): 
4048(105876): 0(0.040963), 
4049(426812): 
4050(334087): 
4051(505931): 
4052(492507): 
4053(33606): 
4054(108031): 
4055(269225): 
4056(438309): 
4057(346654): 
4058(523516): 
4059(487737): 
4060(339003): 
4061(54251): 
4062(68477): 2(0.034069), 3(0.034069), 
4063(142476): 
4064(530028): 
4065(400024): 
4066(85939): 
4067(184227): 
4068(72777): 
4069(398655): 
4070(360096): 
4071(458019): 
4072(440946): 2(0.035514), 3(0.035514), 
4073(124344): 
4074(81663): 
4075(381244): 
4076(353279): 
4077(249282): 
4078(141404): 
4079(344525): 
4080(215345): 
4081(462047): 
4082(521112): 
4083(382025): 
4084(368275): 
4085(184215): 
4086(338174): 2(0.046985), 3(0.046985), 
4087(295199): 2(0.059827), 3(0.059827), 
4088(188598): 
4089(471464): 
4090(303286): 7(0.035863), 
4091(28624): 
4092(102484): 
4093(245739): 
4094(156041): 
4095(29147): 
4096(380476): 
4097(143744): 7(0.035736), 
4098(193447): 
4099(33565): 
4100(380845): 
4101(501887): 
4102(156359): 
4103(104207): 
4104(78639): 
4105(531550): 
4106(416259): 
4107(500593): 
4108(38928): 0(0.049574), 
4109(529769): 7(0.218403), 
4110(267343): 
4111(262622): 
4112(321126): 
4113(457463): 
4114(397289): 2(0.047489), 3(0.047489), 
4115(127718): 2(0.035697), 3(0.035697), 
4116(507461): 2(0.035687), 3(0.035687), 
4117(362975): 
4118(439550): 2(0.035501), 3(0.035501), 
4119(189084): 
4120(11694): 
4121(54241): 
4122(205781): 
4123(117477): 
4124(274987): 
4125(520864): 
4126(522823): 
4127(337186): 
4128(291495): 
4129(210666): 
4130(64752): 
4131(40111): 1(0.038752), 
4132(440338): 
4133(190538): 7(0.073502), 
4134(458578): 
4135(305451): 2(0.033922), 3(0.033922), 
4136(209553): 
4137(139504): 
4138(518537): 
4139(404004): 
4140(529874): 
4141(491994): 1(0.045893), 
4142(327214): 
4143(148243): 
4144(46910): 
4145(113722): 
4146(158661): 0(0.034601), 
4147(511099): 
4148(209018): 
4149(340541): 0(0.048843), 
4150(321981): 
4151(456567): 
4152(82210): 
4153(359395): 
4154(156307): 
4155(177326): 
4156(450347): 0(0.036454), 
4157(543540): 
4158(477135): 
4159(179378): 0(0.049522), 
4160(341166): 0(0.049556), 
4161(157476): 0(0.049655), 
4162(201783): 0(0.049527), 
4163(508797): 0(0.049560), 
4164(48624): 
4165(505151): 
4166(125358): 
4167(126912): 
4168(161482): 
4169(190910): 
4170(122525): 
4171(222480): 
4172(462128): 
4173(45959): 
4174(322501): 
4175(99647): 
4176(35570): 
4177(47159): 
4178(283136): 
4179(306242): 7(0.035408), 
4180(325518): 
4181(499665): 
4182(457270): 
4183(162238): 
4184(106156): 
4185(238965): 
4186(23763): 
4187(174997): 
4188(151903): 2(0.035568), 3(0.035568), 
4189(507132): 
4190(407586): 
4191(91602): 
4192(115095): 
4193(498156): 0(0.049479), 
4194(70527): 0(0.049363), 
4195(541332): 
4196(228992): 
4197(51698): 
4198(46118): 
4199(382652): 1(0.035415), 
4200(182077): 
4201(458880): 7(0.035735), 
4202(165970): 
4203(377273): 
4204(140677): 7(0.036368), 
4205(253306): 
4206(520940): 
4207(410207): 7(0.109287), 
4208(150273): 
4209(65912): 
4210(203503): 
4211(346255): 
4212(143837): 
4213(311057): 
4214(84889): 
4215(487178): 
4216(111089): 
4217(276786): 
4218(501578): 
4219(462475): 
4220(118862): 
4221(476081): 
4222(200315): 
4223(438194): 
4224(532716): 
4225(121205): 
4226(400655): 
4227(456741): 
4228(432606): 
4229(10003): 
4230(466674): 
4231(53004): 
4232(315533): 
4233(162018): 
4234(268203): 
4235(375182): 
4236(344651): 
4237(533907): 
4238(427718): 
4239(397283): 
4240(8222): 
4241(185125): 
4242(203980): 
4243(188629): 
4244(439592): 
4245(209796): 
4246(434648): 
4247(465717): 
4248(533354): 1(0.033855), 
4249(339194): 
4250(26421): 
4251(343952): 
4252(73424): 
4253(35342): 1(0.057960), 
4254(277332): 
4255(502949): 
4256(438272): 0(0.049575), 
4257(94673): 
4258(459391): 
4259(125302): 
4260(277236): 1(0.044979), 
4261(448437): 7(0.035461), 
4262(429897): 
4263(101471): 
4264(471788): 
4265(166352): 1(0.034278), 
4266(496452): 
4267(162978): 
4268(129031): 
4269(159805): 
4270(509265): 
4271(369482): 2(0.045603), 3(0.045603), 
4272(406370): 
4273(146352): 
4274(510281): 
4275(301660): 
4276(307949): 
4277(64910): 
4278(382338): 
4279(437782): 
4280(341815): 
4281(430959): 
4282(143210): 
4283(288242): 
4284(352796): 
4285(486965): 
4286(394709): 
4287(217927): 
4288(149960): 
4289(65286): 
4290(192468): 
4291(352269): 
4292(292861): 
4293(57282): 
4294(128093): 
4295(13624): 
4296(159123): 
4297(410208): 
4298(218236): 
4299(509369): 
4300(133397): 
4301(250987): 
4302(455507): 
4303(496265): 
4304(434624): 
4305(117698): 
4306(202717): 
4307(487753): 
4308(228120): 
4309(334156): 
4310(79058): 
4311(211799): 
4312(239184): 
4313(153629): 
4314(332835): 
4315(1165): 
4316(200183): 
4317(506664): 
4318(20165): 
4319(48793): 
4320(355572): 
4321(248276): 
4322(361005): 
4323(187514): 
4324(421561): 
4325(263716): 
4326(15398): 7(0.035410), 
4327(200048): 
4328(378653): 
4329(279849): 
4330(449287): 
4331(461239): 
4332(363882): 
4333(348583): 
4334(354850): 
