0 425051
1 523042
2 368237
3 313849
4 214824
5 494072
6 520089
7 246890
8 43522
9 325225
10 145752
11 360360
12 461930
13 423355
14 242814
15 199328
16 228050
17 59399
18 504343
19 456539
20 513558
21 390380
22 32233
23 256397
24 344583
25 148731
26 435225
27 288927
28 541817
29 538540
30 239901
31 264475
32 314416
33 73464
34 239513
35 220181
36 346321
37 349482
38 217750
39 321974
40 299314
41 420223
42 118848
43 104549
44 305638
45 64410
46 25722
47 544214
48 126854
49 268667
50 423779
51 3646
52 196027
53 490451
54 39421
55 326916
56 450005
57 88246
58 310295
59 472448
60 542120
61 394195
62 244635
63 482971
64 327269
65 291985
66 406223
67 192569
68 43786
69 320371
70 430511
71 254052
72 439615
73 346847
74 463952
75 218393
76 249307
77 138948
78 176636
79 302241
80 537805
81 33435
82 113227
83 515295
84 322174
85 530655
86 483000
87 21011
88 291350
89 23434
90 295111
91 197069
92 403825
93 394541
94 351133
95 34191
96 149543
97 343717
98 520440
99 408530
100 285728
101 4423
102 31582
103 299382
104 106608
105 419455
106 537255
107 245150
108 237291
109 155068
110 208320
111 136085
112 146104
113 69411
114 143640
115 69649
116 185102
117 266660
118 309965
119 532292
120 140149
121 526447
122 404707
123 72420
124 195681
125 30498
126 278687
127 288688
128 167829
129 230138
130 512974
131 341533
132 291033
133 223763
134 197222
135 26377
136 312431
137 229801
138 527783
139 284754
140 486306
141 140145
142 538536
143 538542
144 538535
145 538538
146 26375
147 227035
148 522175
149 121992
150 340316
151 518576
152 364505
153 346500
154 229871
155 131696
156 486128
157 71978
158 374933
159 217497
160 342242
161 338918
162 226216
163 140140
164 538537
165 538539
166 524653
167 452799
168 73508
169 182747
170 82881
171 89799
172 140143
173 354299
174 331167
175 360711
176 384590
177 100369
178 30595
179 224656
180 202404
181 165774
182 238864
183 165806
184 335360
185 193357
186 363130
187 533616
188 166286
189 191358
190 296176
191 70783
192 78355
193 231674
194 117317
195 187659
196 205543
197 180558
198 309501
199 433928
200 491717
201 80831
202 51262
203 75430
204 33671
205 270370
206 408289
207 19391
208 523310
209 542213
210 61804
211 351599
212 203225
213 6459
214 548237
215 12973
216 12970
217 45253
218 130682
219 231069
220 536824
221 56035
222 165414
223 505213
224 483802
225 126564
226 398719
227 150732
228 416965
229 213573
230 493845
231 295209
232 521225
233 542237
234 542236
235 343
236 321136
237 64552
238 277145
239 83131
240 228586
241 312597
242 106272
243 100690
244 180562
245 477567
246 141064
247 483204
248 218968
249 70877
250 233417
251 310265
252 537757
253 293275
254 39107
255 486966
256 170095
257 73080
258 103558
259 273077
260 211413
261 518908
262 363475
263 83436
264 411989
265 10460
266 393881
267 493647
268 504556
269 338822
270 144815
271 25100
272 64080
273 16676
274 17320
275 248062
276 292298
277 330664
278 409464
279 96557
280 433012
281 311455
282 201933
283 277911
284 446066
285 123087
286 485044
287 52174
288 348773
289 500171
290 516484
291 304776
292 418904
293 150399
294 150431
295 490741
296 179924
297 203541
298 80692
299 44508
300 169570
301 28804
302 545051
303 146974
304 127323
305 169566
306 169565
307 538092
308 253934
309 127328
310 104106
311 253933
312 531908
313 28793
314 28794
315 127320
316 253939
317 504762
318 122208
319 502796
320 358096
321 312641
322 170738
323 476757
324 72555
325 308780
326 509421
327 310884
328 277950
329 526498
330 162806
331 88159
332 320896
333 109091
334 209307
335 74873
336 215780
337 186851
338 474577
339 224614
340 261496
341 497025
342 416510
343 502784
344 136011
345 75075
346 454588
347 93436
348 374057
349 450789
350 181152
351 130478
352 404870
353 3237
354 673
355 165597
356 545396
357 235147
358 257654
359 53233
360 28933
361 324169
362 249040
363 306599
364 13608
365 441302
366 356559
367 454887
368 491113
369 59288
370 154094
371 339638
372 62274
373 255423
374 65652
375 221936
376 106656
377 212006
378 208833
379 119581
380 65656
381 220569
382 219916
383 212008
384 544629
385 303717
386 548129
387 361627
388 438304
389 205709
390 297840
391 119582
392 546791
393 346515
394 533118
395 181767
396 78440
397 378623
398 306359
399 47733
400 6492
401 249807
402 491971
403 182972
404 340889
405 94580
406 460771
407 220302
408 198381
409 406709
410 334731
411 335502
412 147768
413 294197
414 149945
415 279938
416 378668
417 351742
418 506824
419 155709
420 529162
421 189303
422 165600
423 545395
424 330100
425 332748
426 512672
427 74950
428 463625
429 152558
430 485039
431 147351
432 494062
433 67096
434 64140
435 426355
436 316748
437 301787
438 216374
439 366912
440 500696
441 181014
442 281819
443 295481
444 164410
445 308290
446 106358
447 46208
448 221698
449 10203
450 262438
451 76068
452 111539
453 312643
454 174462
455 460035
456 348970
457 80662
458 245161
459 300396
460 186682
461 75728
462 162187
463 450564
464 386185
465 121231
466 83207
467 523966
468 449520
469 406626
470 56054
471 114347
472 241521
473 290544
474 32798
475 134780
476 397413
477 537377
478 372039
479 162582
480 204547
481 522528
482 358614
483 125522
484 389916
485 21037
486 434126
487 397345
488 467007
489 271557
490 140146
491 16703
492 211060
493 462540
494 272015
495 465969
496 116302
497 140917
498 67750
499 26157
500 259879
501 4649
502 26075
503 133618
504 494266
505 141549
506 368610
507 121111
508 193459
509 133414
510 180471
511 298199
512 65579
513 81331
514 481917
515 269493
516 526367
517 501349
518 328093
519 57613
520 508246
521 161629
522 364022
523 511182
524 431091
525 60420
526 334616
527 426313
528 54644
529 293538
530 259047
531 70583
532 500196
533 60154
534 432572
535 43509
536 533864
537 398276
538 81443
539 276990
540 270019
541 452186
542 273025
543 110131
544 230096
545 103661
546 123930
547 488772
548 459464
549 152473
550 74376
551 378015
552 314036
553 27347
554 493495
555 82549
556 231528
557 57643
558 45847
559 300044
560 49060
561 122893
562 348571
563 427724
564 59711
565 363964
566 263318
567 451626
568 313220
569 109087
570 283317
571 425683
572 82538
573 57523
574 518289
575 540370
576 123436
577 220239
578 147895
579 345375
580 501444
581 358299
582 230802
583 341446
584 223097
585 437287
586 213972
587 190023
588 537171
589 90874
590 362383
591 311958
592 157452
593 384505
594 499462
595 344936
596 422066
597 21535
598 445972
599 398279
600 26623
601 5131
602 101452
603 396013
604 477854
605 13003
606 520294
607 452019
608 231163
609 501181
610 430358
611 69859
612 33556
613 148956
614 20990
615 459267
616 521165
617 284323
618 175587
619 19339
620 78630
621 378809
622 334269
623 468102
624 109
625 176507
626 378941
627 60460
628 414695
629 149140
630 218419
631 128060
632 114756
633 206831
634 177851
635 103379
636 406970
637 38213
638 374917
639 364245
640 492857
641 91989
642 541648
643 116580
644 345504
645 439600
646 24889
647 55690
648 47411
649 201941
650 314268
651 441360
652 29120
653 223927
654 384234
655 387504
656 347578
657 513169
658 93530
659 506460
660 248729
661 328641
662 260004
663 382301
664 12479
665 534739
666 309732
667 118886
668 190973
669 113172
670 122894
671 513429
672 523936
673 318882
674 527321
675 214833
676 189813
677 222498
678 125939
679 18173
680 175522
681 67710
682 255103
683 157936
684 393087
685 394866
686 4068
687 87608
688 103582
689 489334
690 418270
691 168572
692 285438
693 202556
694 94324
695 211337
696 178082
697 185056
698 160049
699 128262
700 85992
701 118909
702 73615
703 514553
704 526511
705 491720
706 202593
707 227916
708 120344
709 163035
710 527603
711 523986
712 389383
713 272979
714 422640
715 209785
716 262833
717 301200
718 339270
719 539835
720 354743
721 400751
722 409906
723 332349
724 383211
725 111698
726 34207
727 539923
728 2229
729 479924
730 339647
731 64904
732 43212
733 544630
734 227655
735 169152
736 303389
737 64458
738 253945
739 49058
740 177517
741 83320
742 160090
743 103058
744 152323
745 353941
746 81316
747 404192
748 397306
749 218954
750 152823
751 43314
752 74146
753 219699
754 134342
755 188706
756 64097
757 211959
758 487864
759 418108
760 192114
761 33247
762 231843
763 403071
764 391504
765 19994
766 68489
767 138196
768 351915
769 113616
770 233085
771 44791
772 356172
773 83974
774 295142
775 59090
776 305422
777 220812
778 132025
779 134169
780 383483
781 111519
782 250974
783 160391
784 218374
785 26412
786 83025
787 268948
788 34043
789 335741
790 58527
791 298485
792 182519
793 295711
794 500206
795 72107
796 199510
797 226125
798 4632
799 208836
800 186853
801 192449
802 397295
803 63449
804 235118
805 528104
806 138515
807 392605
808 254580
809 12847
810 363415
811 138041
812 154207
813 473152
814 54954
815 116603
816 162933
817 486483
818 415218
819 322117
820 116832
821 408580
822 338067
823 215671
824 453568
825 357491
826 396884
827 491296
828 89477
829 195286
830 490960
831 25577
832 44959
833 18852
834 124845
835 255078
836 110274
837 296379
838 142666
839 280344
840 92593
841 161877
842 501795
843 399083
844 364442
845 439227
846 460071
847 125537
848 74164
849 379166
850 427459
851 304036
852 415861
853 476762
854 546559
855 547010
856 546289
857 167466
858 468568
859 215518
860 416952
861 446059
862 396199
863 371689
864 463324
865 456080
866 338505
867 407980
868 385596
869 361466
870 394772
871 530062
872 269442
873 533525
874 437032
875 211719
876 269143
877 177836
878 172733
879 478874
880 421125
881 34656
882 176462
883 502086
884 269145
885 519583
886 367763
887 50367
888 519585
889 172737
890 34659
891 349456
892 473119
893 227188
894 408822
895 520514
896 426973
897 146831
898 113951
899 129654
900 184782
901 68873
902 404819
903 269816
904 182376
905 217286
906 339948
907 318794
908 71821
909 215815
910 48844
911 300389
912 541717
913 306522
914 251433
915 465923
916 538205
917 522061
918 249390
919 512299
920 224843
921 58118
922 426364
923 108562
924 531618
925 124236
926 394122
927 212671
928 479786
929 11808
930 109183
931 275900
932 232644
933 403271
934 244935
935 275989
936 294839
937 328241
938 445437
939 283345
940 170843
941 471939
942 418821
943 192122
944 38749
945 80471
946 535140
947 404943
948 246220
949 272853
950 342445
951 125625
952 411585
953 98918
954 371871
955 419601
956 170849
957 535138
958 422
959 274344
960 308353
961 34894
962 103368
963 84200
964 278722
965 14253
966 305675
967 504009
968 328714
969 441384
970 397468
971 450916
972 375332
973 166998
974 255559
975 285448
976 157849
977 400444
978 469043
979 163341
980 466680
981 440805
982 341876
983 491045
984 122989
985 376381
986 15437
987 147477
988 195279
989 138547
990 366092
991 220287
992 335521
993 400795
994 332819
995 152016
996 92846
997 181062
998 2005
999 515668
1000 474964
1001 321007
1002 521879
1003 410754
1004 275016
1005 250873
1006 118809
1007 326529
1008 490806
1009 461330
1010 411412
1011 247246
1012 74661
1013 54170
1014 503932
1015 511409
1016 81461
1017 486117
1018 133233
1019 461291
1020 134884
1021 347390
1022 371503
1023 133239
1024 346490
1025 365156
1026 188193
1027 262841
1028 40191
1029 232731
1030 366073
1031 509860
1032 107004
1033 180888
1034 271157
1035 523078
1036 375894
1037 105051
1038 521034
1039 207287
1040 367819
1041 216072
1042 414379
1043 412782
1044 216069
1045 85214
1046 545191
1047 487164
1048 533389
1049 134026
1050 33815
1051 40245
1052 28781
1053 322008
1054 280423
1055 34231
1056 139248
1057 371026
1058 235526
1059 206967
1060 370626
1061 142307
1062 58699
1063 166514
1064 55710
1065 98781
1066 518431
1067 488391
1068 147291
1069 533675
1070 422179
1071 218877
1072 256731
1073 521572
1074 281075
1075 208831
1076 80003
1077 210781
1078 65146
1079 330657
1080 186849
1081 167207
1082 544632
1083 199589
1084 176512
1085 144235
1086 293585
1087 200874
1088 496020
1089 211043
1090 290853
1091 418084
1092 176510
1093 164361
1094 244023
1095 406562
1096 380295
1097 398723
1098 1943
1099 155060
1100 390573
1101 243763
1102 458090
1103 119200
1104 507482
1105 184944
1106 273048
1107 182535
1108 226378
1109 511575
1110 529753
1111 469176
1112 213517
1113 136895
1114 388153
1115 28137
1116 199225
1117 3363
1118 119198
1119 373481
1120 189843
1121 279264
1122 58280
1123 473995
1124 492515
1125 68829
1126 111426
1127 281009
1128 533920
1129 507922
1130 446407
1131 170686
1132 31976
1133 67693
1134 92608
1135 90297
1136 164399
1137 132917
1138 527231
1139 245004
1140 159192
1141 482637
1142 270465
1143 295015
1144 495346
1145 515756
1146 203992
1147 82027
1148 525519
1149 288818
1150 173351
1151 42294
1152 362349
1153 246413
1154 158623
1155 434726
1156 116056
1157 352732
1158 368649
1159 306997
1160 266861
1161 169024
1162 219318
1163 116933
1164 408616
1165 346772
1166 368612
1167 24564
1168 301852
1169 189781
1170 363660
1171 500860
1172 406607
1173 415567
1174 275879
1175 285672
1176 53573
1177 242096
1178 443072
1179 109757
1180 468148
1181 291270
1182 472796
1183 530830
1184 75271
1185 199142
1186 458948
1187 106432
1188 126231
1189 108134
1190 184237
1191 288342
1192 15795
1193 383920
1194 357998
1195 379921
1196 198533
1197 53336
1198 264018
1199 513010
1200 325857
1201 68959
1202 343787
1203 531807
1204 351355
1205 368294
1206 248586
1207 475878
1208 433540
1209 525511
1210 229863
1211 35912
1212 164280
1213 188479
1214 139835
1215 429004
1216 349397
1217 241542
1218 410661
1219 306640
1220 476604
1221 228705
1222 414861
1223 52784
1224 236126
1225 203871
1226 124295
1227 399976
1228 107875
1229 107184
1230 445050
1231 274390
1232 14418
1233 275450
1234 71638
1235 307425
1236 262202
1237 70227
1238 147903
1239 177941
1240 305747
1241 49500
1242 130453
1243 264199
1244 528230
1245 104501
1246 348221
1247 361693
1248 399346
1249 379975
1250 333934
1251 293239
1252 89819
1253 388621
1254 172664
1255 376371
1256 512934
1257 313031
1258 342687
1259 296443
1260 136738
1261 268749
1262 245033
1263 517521
1264 179120
1265 535015
1266 505679
1267 133626
1268 288956
1269 399434
1270 222139
1271 425878
1272 175194
1273 170542
1274 365442
1275 207312
1276 507739
1277 288194
1278 495297
1279 519409
1280 295315
1281 165369
1282 201074
1283 465568
1284 217721
1285 86719
1286 26815
1287 410734
1288 170321
1289 537390
1290 353008
1291 39128
1292 2557
1293 522163
1294 69652
1295 492204
1296 494692
1297 442696
1298 411059
1299 144582
1300 247817
1301 505540
1302 465048
1303 426577
1304 526086
1305 17981
1306 275547
1307 270837
1308 413989
1309 335190
1310 266884
1311 75807
1312 383220
1313 48954
1314 152884
1315 69332
1316 253648
1317 266799
1318 118741
1319 303398
1320 218249
1321 469087
1322 159647
1323 85572
1324 207262
1325 230014
1326 249313
1327 188245
1328 370032
1329 279193
1330 332803
1331 463741
1332 293088
1333 197294
1334 361048
1335 103715
1336 235599
1337 266872
1338 334640
1339 362806
1340 479512
1341 499442
1342 135289
1343 338934
1344 197686
1345 193399
1346 168381
1347 68091
1348 355209
1349 249397
1350 35378
1351 420362
1352 63878
1353 543810
1354 472681
1355 248453
1356 219370
1357 295498
1358 490052
1359 155169
1360 467551
1361 456848
1362 420823
1363 311416
1364 503310
1365 467132
1366 280618
1367 491368
1368 480935
1369 343543
1370 487173
1371 85246
1372 249144
1373 69754
1374 291884
1375 25629
1376 516986
1377 210584
1378 526444
1379 150886
1380 57222
1381 489335
1382 35954
1383 205373
1384 62909
1385 466053
1386 23214
1387 347262
1388 519594
1389 225155
1390 435215
1391 146106
1392 407319
1393 483735
1394 442222
1395 361914
1396 401064
1397 185839
1398 469220
1399 88039
1400 495630
1401 123042
1402 299003
1403 252624
1404 525494
1405 462890
1406 531781
1407 155586
1408 404575
1409 384049
1410 390630
1411 210720
1412 384832
1413 275327
1414 76263
1415 194413
1416 492841
1417 165293
1418 456939
1419 228594
1420 110942
1421 263998
1422 126131
1423 183006
1424 475430
1425 414025
1426 130817
1427 17175
1428 222024
1429 193736
1430 111699
1431 401124
1432 132715
1433 3964
1434 478551
1435 451058
1436 30864
1437 343142
1438 29953
1439 181378
1440 525224
1441 224797
1442 249593
1443 536547
1444 445765
1445 376570
1446 114285
1447 512915
1448 117868
1449 442540
1450 115804
1451 77544
1452 337590
1453 511056
1454 350430
1455 132655
1456 383517
1457 175977
1458 402397
1459 258125
1460 453141
1461 119430
1462 131937
1463 151561
1464 96675
1465 401296
1466 476898
1467 347478
1468 19017
1469 533319
1470 371414
1471 256805
1472 219405
1473 39399
1474 91513
1475 170218
1476 379825
1477 271288
1478 253074
1479 261938
1480 265851
1481 31407
1482 52351
1483 333540
1484 526366
1485 133719
1486 301156
1487 215528
1488 534575
1489 521897
1490 61230
1491 288864
1492 278819
1493 149198
1494 204922
1495 181846
1496 156700
1497 358755
1498 457091
1499 96523
1500 123748
1501 379192
1502 148829
1503 158913
1504 241687
1505 178339
1506 72464
1507 300242
1508 216342
1509 136965
1510 482948
1511 372793
1512 80987
1513 76186
1514 1255
1515 243464
1516 71550
1517 505612
1518 150391
1519 545551
1520 372510
1521 119452
1522 412484
1523 417915
1524 59852
1525 338568
1526 242465
1527 470943
1528 473279
1529 332492
1530 44098
1531 331878
1532 236511
1533 410690
1534 159091
1535 256958
1536 210428
1537 185007
1538 444128
1539 512157
1540 270256
1541 101152
1542 348039
1543 153931
1544 105950
1545 275790
1546 220990
1547 2032
1548 102653
1549 163748
1550 159451
1551 85384
1552 109922
1553 188843
1554 327601
1555 104131
1556 89687
1557 10500
1558 371404
1559 5841
1560 9480
1561 422692
1562 533935
1563 254408
1564 98673
1565 416067
1566 423420
1567 536372
1568 179896
1569 28032
1570 461722
1571 440342
1572 59331
1573 383186
1574 358876
1575 110133
1576 472966
1577 326645
1578 343465
1579 360272
1580 204665
1581 235009
1582 77480
1583 461236
1584 293181
1585 493531
1586 369108
1587 439349
1588 135598
1589 197324
1590 136993
1591 473413
1592 461797
1593 480206
1594 31627
1595 178346
1596 335977
1597 97888
1598 454816
1599 128597
1600 162074
1601 439064
1602 153216
1603 161558
1604 218812
1605 63713
1606 420254
1607 151692
1608 170728
1609 520908
1610 82709
1611 332970
1612 116333
1613 273323
1614 470915
1615 326305
1616 419204
1617 28298
1618 369095
1619 262642
1620 265439
1621 299321
1622 371647
1623 541644
1624 217359
1625 232356
1626 87629
1627 381479
1628 515985
1629 431608
1630 133872
1631 456528
1632 181151
1633 77088
1634 196590
1635 131829
1636 250168
1637 374522
1638 484457
1639 27038
1640 539142
1641 162685
1642 325406
1643 453954
1644 177725
1645 294439
1646 498384
1647 455307
1648 381133
1649 43042
1650 19911
1651 19907
1652 246038
1653 451122
1654 399516
1655 376758
1656 52107
1657 471970
1658 371529
1659 123538
1660 19810
1661 355011
1662 20737
1663 184772
1664 113890
1665 246419
1666 362391
1667 429535
1668 38742
1669 211301
1670 153658
1671 143723
1672 97580
1673 392144
1674 331670
1675 214648
1676 248105
1677 321348
1678 537684
1679 324335
1680 177904
1681 52341
1682 540897
1683 49486
1684 522387
1685 495379
1686 293348
1687 110179
1688 498975
1689 273889
1690 265541
1691 341081
1692 167052
1693 532299
1694 125355
1695 221157
1696 221025
1697 448704
1698 307109
1699 364971
1700 141445
1701 92181
1702 316339
1703 298964
1704 374182
1705 395476
1706 411654
1707 4824
1708 221426
1709 113140
1710 265032
1711 30204
1712 46301
1713 490950
1714 418386
1715 458475
1716 72034
1717 543520
1718 205253
1719 83295
1720 422676
1721 548128
1722 483763
1723 186850
1724 459432
1725 11987
1726 258426
1727 159880
1728 515867
1729 80645
1730 346958
1731 544333
1732 216076
1733 119580
1734 263315
1735 57061
1736 42174
1737 85107
1738 341314
1739 138526
1740 9334
1741 260113
1742 41406
1743 306486
1744 285950
1745 53343
1746 305512
1747 193976
1748 271899
1749 1864
1750 121194
1751 349652
1752 285834
1753 53618
1754 533160
1755 144985
1756 397728
1757 17092
1758 387003
1759 452333
1760 274608
1761 111646
1762 245670
1763 58664
1764 244004
1765 330351
1766 231548
1767 335727
1768 334806
1769 508718
1770 202733
1771 21597
1772 132263
1773 44785
1774 271700
1775 22800
1776 95590
1777 411744
1778 98851
1779 10319
1780 149082
1781 64990
1782 514904
1783 524078
1784 500640
1785 471716
1786 391458
1787 151832
1788 473053
1789 39712
1790 358407
1791 310209
1792 328732
1793 134919
1794 142996
1795 26462
1796 540811
1797 514237
1798 36413
1799 159260
1800 518180
1801 251387
1802 404694
1803 104235
1804 458557
1805 347871
1806 390854
1807 410468
1808 245157
1809 198792
1810 127319
1811 363608
1812 71935
1813 8423
1814 64431
1815 459419
1816 539763
1817 136665
1818 498195
1819 241545
1820 149343
1821 344695
1822 98271
1823 76594
1824 331302
1825 325186
1826 119548
1827 389451
1828 256930
1829 419228
1830 465000
1831 339354
1832 448972
1833 503131
1834 406342
1835 132456
1836 111614
1837 257813
1838 448642
1839 298963
1840 513214
1841 286265
1842 13426
1843 503471
1844 503078
1845 392455
1846 34360
1847 510033
1848 62
1849 73614
1850 454199
1851 206180
1852 196815
1853 464377
1854 475695
1855 272967
1856 107121
1857 362152
1858 518186
1859 291037
1860 272705
1861 467162
1862 359940
1863 248250
1864 106868
1865 433185
1866 92225
1867 89565
1868 179623
1869 450720
1870 182373
1871 168472
1872 450917
1873 81647
1874 264971
1875 291034
1876 416395
1877 346609
1878 187663
1879 416317
1880 426466
1881 29399
1882 40885
1883 201583
1884 375263
1885 437753
1886 61531
1887 106176
1888 297265
1889 34949
1890 518188
1891 458399
1892 143261
1893 291799
1894 435427
1895 313850
1896 236803
1897 71671
1898 377290
1899 186149
1900 413676
1901 226480
1902 49409
1903 41003
1904 276924
1905 344901
1906 400518
1907 454186
1908 268246
1909 476881
1910 84801
1911 320219
1912 248495
1913 438623
1914 355473
1915 102047
1916 234108
1917 123959
1918 175526
1919 314458
1920 35989
1921 159143
1922 264182
1923 449088
1924 409420
1925 415085
1926 500792
1927 433633
1928 357490
1929 417372
1930 514836
1931 314598
1932 202396
1933 254024
1934 55868
1935 490970
1936 417717
1937 244797
1938 168673
1939 411721
1940 465035
1941 441078
1942 41412
1943 436999
1944 57892
1945 202604
1946 74422
1947 140510
1948 258305
1949 383918
1950 292987
1951 139245
1952 484201
1953 265557
1954 94279
1955 324873
1956 524996
1957 385367
1958 388322
1959 24697
1960 166918
1961 23425
1962 395107
1963 89605
1964 72675
1965 311658
1966 484338
1967 429024
1968 58958
1969 217667
1970 443430
1971 58443
1972 396232
1973 496574
1974 128082
1975 495410
1976 358992
1977 278495
1978 418494
1979 238553
1980 192997
1981 103477
1982 236053
1983 528696
1984 547349
1985 303085
1986 193460
1987 197972
1988 45037
1989 398089
1990 509301
1991 231756
1992 139281
1993 181540
1994 25532
1995 255507
1996 109329
1997 100552
1998 125171
1999 524958
2000 81517
2001 56579
2002 227725
2003 99723
2004 129298
2005 121601
2006 480832
2007 47546
2008 270942
2009 185613
2010 322400
2011 62255
2012 261040
2013 363937
2014 202786
2015 341798
2016 60032
2017 71112
2018 385741
2019 422850
2020 274230
2021 216770
2022 324417
2023 59175
2024 62834
2025 415740
2026 71511
2027 59324
2028 395366
2029 410715
2030 213237
2031 446550
2032 128072
2033 325639
2034 250546
2035 143763
2036 319009
2037 331694
2038 199524
2039 158730
2040 270299
2041 465406
2042 273813
2043 137633
2044 420204
2045 367777
2046 207252
2047 519587
2048 257716
2049 189891
2050 277781
2051 273569
2052 528583
2053 1975
2054 458544
2055 95377
2056 72519
2057 46020
2058 123414
2059 442159
2060 275241
2061 177139
2062 80703
2063 222339
2064 345511
2065 69914
2066 292036
2067 111073
2068 73032
2069 84614
2070 305641
2071 505275
2072 540657
2073 316120
2074 38299
2075 545742
2076 430780
2077 259575
2078 47687
2079 304523
2080 453686
2081 336339
2082 272248
2083 695
2084 414248
2085 428219
2086 256620
2087 453164
2088 33172
2089 262909
2090 187797
2091 472251
2092 102101
2093 530837
2094 176037
2095 371289
2096 355158
2097 470322
2098 333967
2099 451995
2100 304100
2101 266822
2102 144696
2103 358114
2104 537729
2105 83734
2106 64770
2107 218635
2108 524992
2109 44670
2110 324613
2111 412602
2112 242559
2113 258951
2114 255928
2115 231132
2116 283334
2117 234155
2118 184079
2119 42695
2120 491387
2121 292605
2122 153773
2123 384632
2124 188565
2125 384327
2126 500128
2127 300174
2128 287303
2129 88829
2130 206557
2131 89805
2132 499617
2133 28850
2134 293727
2135 403027
2136 25398
2137 133766
2138 157781
2139 263951
2140 54509
2141 34454
2142 414596
2143 502624
2144 381991
2145 296749
2146 289440
2147 413587
2148 398590
2149 79725
2150 234236
2151 307129
2152 30410
2153 332859
2154 350344
2155 97388
2156 162222
2157 354027
2158 418278
2159 108212
2160 457194
2161 360967
2162 477930
2163 353872
2164 363425
2165 92521
2166 538347
2167 392615
2168 367770
2169 48853
2170 468784
2171 384553
2172 217271
2173 539073
2174 238688
2175 253071
2176 223370
2177 240420
2178 68568
2179 312603
2180 451696
2181 320894
2182 407674
2183 382287
2184 220081
2185 152325
2186 538590
2187 329545
2188 381586
2189 525715
2190 546588
2191 76495
2192 188844
2193 537053
2194 330129
2195 216901
2196 32895
2197 359346
2198 446284
2199 36055
2200 289653
2201 434483
2202 470111
2203 454547
2204 383571
2205 419924
2206 54817
2207 483528
2208 117640
2209 319287
2210 26302
2211 220145
2212 179916
2213 73178
2214 244265
2215 165754
2216 130417
2217 70199
2218 483526
2219 542235
2220 391561
2221 406072
2222 538115
2223 108812
2224 194417
2225 444112
2226 234508
2227 419162
2228 303081
2229 504118
2230 374390
2231 91274
2232 408281
2233 362781
2234 393455
2235 59797
2236 362861
2237 33166
2238 523528
2239 377647
2240 58274
2241 516490
2242 248330
2243 141393
2244 62326
2245 289595
2246 95101
2247 457999
2248 290668
2249 536404
2250 331941
2251 531372
2252 259198
2253 316541
2254 360754
2255 475710
2256 139179
2257 366760
2258 130746
2259 457137
2260 30850
2261 507944
2262 240427
2263 240431
2264 494431
2265 509779
2266 199192
2267 12369
2268 155219
2269 138699
2270 245149
2271 523075
2272 56693
2273 32336
2274 114452
2275 80190
2276 330095
2277 283456
2278 120536
2279 454438
2280 31554
2281 469192
2282 505767
2283 20204
2284 377244
2285 257749
2286 103279
2287 73911
2288 198141
2289 49248
2290 61536
2291 79366
2292 97089
2293 233336
2294 189867
2295 289668
2296 389191
2297 74998
2298 73449
2299 85543
2300 134307
2301 260477
2302 447962
2303 435917
2304 348912
2305 281389
2306 297883
2307 363404
2308 112803
2309 323434
2310 447664
2311 423209
2312 485165
2313 510142
2314 541340
2315 220578
2316 14233
2317 342624
2318 259201
2319 98381
2320 505018
2321 332962
2322 227844
2323 161387
2324 376155
2325 119842
2326 97688
2327 136479
2328 338565
2329 317181
2330 475886
2331 488309
2332 109853
2333 57678
2334 463259
2335 520871
2336 204717
2337 101921
2338 474683
2339 181260
2340 198527
2341 364938
2342 91542
2343 173900
2344 153717
2345 425692
2346 273753
2347 154010
2348 88342
2349 98519
2350 124216
2351 127325
2352 28805
2353 323704
2354 323721
2355 152675
2356 322756
2357 256952
2358 423065
2359 339816
2360 6535
2361 125652
2362 276725
2363 522394
2364 333221
2365 437332
2366 16555
2367 383637
2368 66113
2369 95578
2370 340882
2371 327570
2372 257458
2373 435278
2374 278869
2375 429854
2376 477162
2377 490786
2378 327921
2379 61485
2380 431194
2381 524366
2382 181508
2383 503753
2384 524370
2385 315111
2386 383026
2387 119481
2388 262153
2389 420860
2390 103650
2391 388377
2392 420996
2393 373289
2394 170503
2395 153355
2396 338562
2397 167067
2398 118314
2399 235896
2400 237333
2401 131625
2402 78674
2403 244227
2404 4333
2405 457596
2406 534474
2407 533139
2408 412747
2409 489324
2410 345397
2411 390914
2412 261559
2413 200547
2414 49829
2415 300291
2416 35677
2417 20997
2418 190119
2419 427380
2420 385801
2421 208572
2422 356199
2423 396037
2424 56117
2425 82691
2426 8364
2427 235341
2428 469983
2429 509188
2430 268347
2431 427910
2432 466490
2433 93632
2434 332699
2435 121474
2436 340166
2437 83806
2438 96883
2439 12972
2440 475377
2441 487814
2442 287471
2443 340177
2444 408189
2445 48541
2446 520457
2447 402645
2448 17566
2449 430320
2450 7376
2451 101859
2452 110270
2453 35387
2454 56569
2455 165923
2456 109637
2457 57097
2458 261253
2459 7496
2460 113278
2461 102853
2462 373599
2463 454873
2464 25617
2465 106718
2466 161171
2467 507103
2468 37477
2469 131731
2470 125773
2471 365427
2472 13020
2473 30604
2474 331223
2475 345244
2476 164092
2477 361159
2478 468019
2479 86104
2480 13626
2481 129573
2482 87174
2483 251607
2484 404338
2485 89483
2486 5056
2487 20650
2488 179701
2489 324459
2490 353290
2491 100807
2492 251296
2493 260410
2494 379580
2495 425764
2496 438894
2497 456148
2498 94633
2499 431981
2500 541811
2501 464686
2502 314523
2503 532372
2504 167016
2505 92568
2506 524393
2507 310315
2508 416980
2509 351411
2510 169990
2511 126329
2512 60462
2513 526328
2514 469266
2515 212975
2516 384182
2517 195318
2518 37577
2519 49019
2520 236238
2521 300129
2522 102557
2523 340424
2524 523293
2525 162161
2526 73052
2527 54404
2528 231911
2529 123545
2530 372553
2531 185235
2532 404190
2533 20478
2534 371643
2535 303457
2536 378262
2537 274034
2538 537779
2539 450752
2540 125068
2541 314335
2542 189043
2543 267279
2544 164500
2545 485731
2546 217766
2547 207804
2548 299589
2549 506660
2550 212485
2551 515413
2552 48669
2553 261651
2554 321705
2555 37374
2556 223827
2557 366906
2558 32137
2559 131079
2560 423813
2561 80787
2562 211449
2563 134749
2564 241810
2565 443742
2566 438058
2567 521048
2568 390561
2569 8852
2570 510597
2571 74510
2572 312728
2573 533638
2574 205308
2575 111404
2576 187545
2577 196082
2578 33525
2579 395125
2580 367838
2581 131414
2582 202613
2583 299309
2584 200666
2585 95518
2586 261638
2587 112591
2588 502515
2589 62334
2590 238980
2591 210989
2592 434659
2593 385975
2594 271177
2595 370038
2596 493853
2597 370037
2598 421230
2599 523651
2600 425168
2601 317468
2602 83345
2603 326250
2604 522424
2605 40089
2606 138800
2607 268469
2608 114489
2609 40094
2610 291482
2611 230787
2612 502607
2613 362100
2614 400398
2615 263570
2616 517577
2617 84603
2618 192623
2619 477175
2620 127311
2621 198558
2622 378950
2623 268500
2624 219279
2625 66270
2626 175276
2627 353287
2628 199843
2629 253582
2630 466927
2631 94377
2632 405301
2633 353928
2634 292804
2635 436482
2636 511679
2637 148269
2638 364818
2639 34847
2640 470825
2641 237408
2642 464519
2643 416472
2644 46637
2645 89593
2646 173890
2647 145371
2648 450156
2649 251873
2650 23072
2651 419883
2652 163382
2653 223459
2654 459357
2655 345833
2656 532434
2657 317617
2658 232216
2659 322111
2660 24320
2661 329812
2662 350862
2663 488230
2664 441837
2665 275525
2666 298557
2667 465958
2668 538840
2669 526957
2670 502668
2671 367600
2672 524211
2673 40540
2674 420978
2675 340851
2676 288428
2677 203510
2678 316982
2679 2658
2680 275065
2681 463512
2682 9583
2683 529220
2684 498030
2685 327912
2686 467440
2687 141179
2688 95466
2689 221742
2690 522140
2691 209948
2692 310730
2693 503500
2694 102732
2695 242127
2696 205181
2697 104655
2698 240282
2699 193304
2700 413848
2701 187097
2702 135352
2703 238428
2704 284602
2705 325453
2706 269947
2707 154810
2708 501666
2709 123055
2710 525156
2711 89935
2712 327026
2713 188132
2714 210928
2715 328760
2716 54148
2717 455118
2718 142132
2719 399185
2720 284161
2721 236639
2722 342406
2723 77912
2724 437473
2725 154639
2726 271841
2727 463992
2728 25891
2729 319729
2730 233376
2731 91432
2732 262592
2733 395562
2734 113520
2735 152377
2736 15598
2737 268474
2738 325664
2739 465833
2740 242447
2741 418409
2742 178707
2743 386715
2744 338782
2745 208783
2746 208175
2747 382951
2748 66148
2749 391795
2750 525717
2751 366474
2752 318457
2753 275220
2754 48933
2755 420948
2756 215588
2757 143575
2758 135241
2759 370940
2760 476909
2761 516222
2762 465507
2763 280855
2764 187007
2765 520561
2766 197764
2767 267187
2768 533759
2769 454728
2770 122696
2771 66961
2772 86654
2773 514615
2774 140048
2775 39193
2776 324305
2777 268447
2778 437968
2779 364328
2780 333872
2781 231207
2782 326399
2783 355000
2784 196322
2785 452957
2786 271608
2787 82024
2788 370875
2789 208881
2790 296899
2791 365654
2792 116624
2793 502518
2794 407471
2795 397545
2796 84735
2797 46189
2798 206470
2799 350531
2800 43510
2801 210561
2802 538802
2803 268764
2804 111780
2805 338265
2806 422449
2807 302962
2808 138004
2809 145767
2810 508388
2811 318558
2812 185002
2813 221535
2814 161022
2815 499343
2816 498490
2817 277122
2818 5240
2819 253281
2820 303898
2821 331799
2822 426212
2823 401109
2824 150052
2825 456326
2826 429273
2827 3378
2828 1456
2829 44461
2830 497189
2831 216031
2832 199973
2833 253149
2834 189718
2835 467160
2836 232954
2837 340253
2838 442363
2839 367758
2840 502979
2841 220799
2842 147584
2843 1908
2844 51803
2845 232903
2846 377485
2847 79585
2848 46167
2849 235626
2850 433647
2851 120236
2852 313528
2853 70839
2854 230139
2855 217764
2856 28194
2857 272711
2858 235299
2859 155467
2860 526450
2861 140490
2862 233742
2863 364960
2864 11657
2865 494798
2866 241829
2867 525743
2868 298892
2869 179485
2870 417631
2871 142987
2872 409952
2873 323925
2874 80631
2875 41385
2876 265905
2877 460453
2878 67432
2879 223636
2880 406115
2881 224120
2882 435793
2883 497902
2884 146405
2885 502248
2886 497260
2887 200536
2888 319210
2889 241757
2890 102852
2891 250109
2892 471733
2893 507167
2894 525539
2895 461206
2896 301812
2897 486787
2898 211550
2899 304570
2900 26984
2901 476937
2902 74029
2903 416157
2904 69695
2905 401212
2906 313288
2907 50271
2908 82129
2909 516602
2910 339657
2911 432354
2912 134759
2913 130300
2914 110217
2915 322184
2916 382381
2917 358448
2918 54469
2919 219366
2920 491745
2921 318228
2922 262685
2923 350154
2924 201159
2925 9082
2926 312222
2927 477506
2928 375397
2929 130785
2930 530681
2931 493731
2932 542496
2933 290479
2934 338056
2935 419055
2936 282792
2937 86097
2938 11851
2939 305355
2940 28100
2941 52346
2942 374671
2943 398973
2944 368333
2945 351768
2946 355683
2947 286246
2948 251709
2949 13516
2950 20178
2951 501529
2952 538541
2953 160461
2954 198422
2955 149272
2956 498882
2957 87756
2958 21909
2959 10350
2960 258354
2961 512359
2962 511958
2963 313815
2964 97696
2965 101112
2966 240563
2967 157638
2968 39424
2969 508427
2970 255299
2971 220595
2972 85147
2973 264313
2974 183680
2975 396122
2976 140139
2977 397010
2978 98546
2979 324827
2980 219248
2981 164231
2982 142299
2983 422525
2984 191544
2985 209086
2986 269069
2987 209084
2988 148422
2989 202799
2990 330920
2991 311777
2992 509861
2993 490441
2994 249443
2995 61765
2996 362589
2997 480052
2998 134032
2999 210522
3000 304594
3001 22149
3002 199798
3003 221738
3004 459103
3005 75437
3006 111739
3007 267805
3008 74204
3009 118624
3010 396668
3011 482469
3012 152188
3013 274333
3014 384396
3015 4517
3016 416403
3017 239209
3018 176422
3019 259174
3020 61167
3021 527095
3022 1051
3023 443803
3024 3040
3025 541462
3026 43159
3027 424182
3028 515365
3029 432013
3030 5289
3031 130111
3032 12602
3033 12629
3034 264275
3035 10857
3036 498249
3037 431412
3038 493271
3039 481346
3040 335587
3041 227617
3042 362887
3043 393241
3044 327947
3045 237001
3046 439776
3047 385481
3048 433039
3049 527083
3050 274169
3051 485259
3052 510845
3053 217006
3054 459181
3055 218586
3056 265607
3057 340918
3058 486736
3059 84629
3060 235240
3061 45254
3062 123968
3063 18330
3064 26457
3065 141006
3066 354711
3067 67100
3068 276691
3069 141222
3070 471831
3071 221820
3072 379157
3073 379172
3074 531131
3075 429021
3076 44801
3077 478813
3078 458929
3079 294042
3080 73708
3081 270774
3082 87150
3083 413304
3084 463845
3085 12576
3086 460255
3087 341047
3088 44829
3089 298373
3090 231939
3091 398486
3092 520431
3093 83184
3094 179042
3095 362687
3096 221727
3097 70613
3098 7015
3099 402412
3100 402151
3101 22868
3102 495842
3103 253595
3104 41798
3105 183811
3106 29996
3107 58789
3108 94396
3109 44344
3110 73568
3111 299723
3112 36528
3113 456483
3114 164004
3115 524076
3116 160683
3117 10209
3118 253274
3119 221602
3120 391303
3121 277579
3122 437666
3123 400409
3124 500308
3125 288683
3126 375294
3127 504794
3128 220916
3129 268065
3130 461594
3131 60047
3132 134050
3133 421359
3134 212915
3135 76840
3136 217037
3137 196206
3138 266665
3139 472113
3140 474454
3141 333883
3142 107616
3143 462015
3144 222805
3145 68719
3146 233185
3147 102183
3148 272129
3149 203027
3150 1128
3151 416730
3152 169012
3153 504933
3154 517440
3155 412167
3156 362056
3157 45768
3158 371469
3159 156376
3160 34117
3161 503292
3162 169199
3163 194509
3164 453943
3165 176333
3166 165543
3167 157544
3168 478518
3169 258329
3170 18048
3171 253678
3172 393687
3173 396212
3174 131572
3175 300173
3176 846
3177 246577
3178 422482
3179 347216
3180 296326
3181 496416
3182 466848
3183 380844
3184 357889
3185 525297
3186 280999
3187 216737
3188 346668
3189 542981
3190 521946
3191 118611
3192 422199
3193 401547
3194 215704
3195 507926
3196 541476
3197 255684
3198 183371
3199 345944
3200 76555
3201 196147
3202 288602
3203 417712
3204 298180
3205 494343
3206 50552
3207 372959
3208 289767
3209 303793
3210 166531
3211 521280
3212 439503
3213 540421
3214 98963
3215 462653
3216 18053
3217 152368
3218 90881
3219 142182
3220 348012
3221 239824
3222 158486
3223 252324
3224 86073
3225 443560
3226 55480
3227 262624
3228 390694
3229 508835
3230 48646
3231 15588
3232 399235
3233 198540
3234 196261
3235 361974
3236 379861
3237 4197
3238 42611
3239 285690
3240 33171
3241 126726
3242 1798
3243 177861
3244 375959
3245 230021
3246 370035
3247 414146
3248 224015
3249 285978
3250 148994
3251 463776
3252 39247
3253 47948
3254 406330
3255 218349
3256 61940
3257 513711
3258 161357
3259 193732
3260 517466
3261 221324
3262 403396
3263 433550
3264 393757
3265 369845
3266 81876
3267 372904
3268 430034
3269 46921
3270 350093
3271 224319
3272 88992
3273 72280
3274 256611
3275 203337
3276 454651
3277 207089
3278 53935
3279 509548
3280 221444
3281 478986
3282 446454
3283 536145
3284 170246
3285 409828
3286 128507
3287 9200
3288 330888
3289 527810
3290 187043
3291 42468
3292 142889
3293 506537
3294 259930
3295 293386
3296 61947
3297 120173
3298 114188
3299 507857
3300 297086
3301 110351
3302 126687
3303 233987
3304 358765
3305 178507
3306 197687
3307 98551
3308 303366
3309 28906
3310 72510
3311 539857
3312 538452
3313 28802
3314 538451
3315 28801
3316 127317
3317 476551
3318 535901
3319 287058
3320 405655
3321 19681
3322 300530
3323 429472
3324 415480
3325 476260
3326 115928
3327 398348
3328 111457
3329 269425
3330 380688
3331 514610
3332 240051
3333 535166
3334 135425
3335 180063
3336 148794
3337 145408
3338 543997
3339 380473
3340 241789
3341 20767
3342 255092
3343 334446
3344 288218
3345 406063
3346 415661
3347 92981
3348 397326
3349 159488
3350 2238
3351 224156
3352 203316
3353 360506
3354 419936
3355 333143
3356 150985
3357 306697
3358 172738
3359 172734
3360 539838
3361 88853
3362 291787
3363 289236
3364 462824
3365 334239
3366 494913
3367 172730
3368 467686
3369 309899
3370 459772
3371 473544
3372 97062
3373 326737
3374 28704
3375 305337
3376 260680
3377 536994
3378 428449
3379 302914
3380 496682
3381 219295
3382 181441
3383 391614
3384 265544
3385 166466
3386 421737
3387 236593
3388 376047
3389 518614
3390 461955
3391 350073
3392 413763
3393 72173
3394 144417
3395 251801
3396 387259
3397 214718
3398 496585
3399 438817
3400 260384
3401 440291
3402 429711
3403 244555
3404 7611
3405 209082
3406 350217
3407 290857
3408 192593
3409 219251
3410 343955
3411 201923
3412 349843
3413 486848
3414 537648
3415 363157
3416 320143
3417 246359
3418 362757
3419 327568
3420 455353
3421 81425
3422 303779
3423 279308
3424 278935
3425 21275
3426 506555
3427 375419
3428 403837
3429 506085
3430 198933
3431 220875
3432 442885
3433 412742
3434 412748
3435 84016
3436 164427
3437 25404
3438 4907
3439 396524
3440 189637
3441 3013
3442 168126
3443 457641
3444 128761
3445 81087
3446 465681
3447 97614
3448 192119
3449 445778
3450 317903
3451 453166
3452 201084
3453 419094
3454 18243
3455 190051
3456 219367
3457 435987
3458 338975
3459 187446
3460 227918
3461 58148
3462 512784
3463 226881
3464 408920
3465 227573
3466 376354
3467 495022
3468 391267
3469 315562
3470 387036
3471 24913
3472 59815
3473 179254
3474 51345
3475 360235
3476 413383
3477 255996
3478 362452
3479 384607
3480 3654
3481 12977
3482 272661
3483 288950
3484 274714
3485 530305
3486 353781
3487 371069
3488 394459
3489 21501
3490 416708
3491 241723
3492 461304
3493 337150
3494 452249
3495 394725
3496 257022
3497 496405
3498 54118
3499 450197
3500 346960
3501 24472
3502 346651
3503 9786
3504 365095
3505 157270
3506 34171
3507 172482
3508 187566
3509 493310
3510 477252
3511 237414
3512 259563
3513 47497
3514 174849
3515 285606
3516 6314
3517 289937
3518 395968
3519 72981
3520 33947
3521 285597
3522 35761
3523 146311
3524 165633
3525 252145
3526 87863
3527 295308
3528 374862
3529 179815
3530 462677
3531 502094
3532 447589
3533 34331
3534 269545
3535 62707
3536 339629
3537 190212
3538 321387
3539 314143
3540 476929
3541 388144
3542 89331
3543 6537
3544 476640
3545 467161
3546 81936
3547 179920
3548 529105
3549 7646
3550 392555
3551 326386
3552 478204
3553 497266
3554 90093
3555 228444
3556 421072
3557 257613
3558 521783
3559 325175
3560 87198
3561 469013
3562 17131
3563 527780
3564 136159
3565 288159
3566 398085
3567 482487
3568 19507
3569 193660
3570 309600
3571 318630
3572 325654
3573 397038
3574 91959
3575 459796
3576 82381
3577 48932
3578 262266
3579 289610
3580 499226
3581 347449
3582 19100
3583 340275
3584 41702
3585 8186
3586 234646
3587 352369
3588 80078
3589 113481
3590 92904
3591 485805
3592 89524
3593 67927
3594 457546
3595 283045
3596 162302
3597 211031
3598 374263
3599 193615
3600 438202
3601 537655
3602 251427
3603 542951
3604 431685
3605 421086
3606 32730
3607 244554
3608 490249
3609 127324
3610 28803
3611 480928
3612 165657
3613 489870
3614 526317
3615 205173
3616 469434
3617 508234
3618 361859
3619 79068
3620 17264
3621 527445
3622 533026
3623 6162
3624 471215
3625 126274
3626 404163
3627 463318
3628 78231
3629 237746
3630 381187
3631 431542
3632 372115
3633 54830
3634 509299
3635 379830
3636 115663
3637 373576
3638 66008
3639 325285
3640 104606
3641 193719
3642 303794
3643 498855
3644 446149
3645 104342
3646 301831
3647 489537
3648 354751
3649 50802
3650 399705
3651 510965
3652 21867
3653 511894
3654 30670
3655 409141
3656 251616
3657 308684
3658 36340
3659 208764
3660 490066
3661 2980
3662 358643
3663 415343
3664 13629
3665 46033
3666 158241
3667 125879
3668 401233
3669 352916
3670 143638
3671 487192
3672 510733
3673 9902
3674 125706
3675 482676
3676 104696
3677 52624
3678 166892
3679 523749
3680 442932
3681 143483
3682 211814
3683 418495
3684 484007
3685 362752
3686 381338
3687 402965
3688 301159
3689 251299
3690 389970
3691 128401
3692 103709
3693 328566
3694 346241
3695 539703
3696 254753
3697 83780
3698 528063
3699 185006
3700 425908
3701 330646
3702 221773
3703 513081
3704 166359
3705 393397
3706 474979
3707 461511
3708 502984
3709 203189
3710 294663
3711 41002
3712 307417
3713 520130
3714 317683
3715 190213
3716 181419
3717 395289
3718 525685
3719 531628
3720 344755
3721 182369
3722 329492
3723 362689
3724 68374
3725 256634
3726 353514
3727 304506
3728 522898
3729 520483
3730 30110
3731 390158
3732 506635
3733 106192
3734 341791
3735 539327
3736 477582
3737 415598
3738 429264
3739 309741
3740 156378
3741 164220
3742 322421
3743 484038
3744 543624
3745 534747
3746 207295
3747 207301
3748 425779
3749 180502
3750 40918
3751 53100
3752 92579
3753 908
3754 336600
3755 284725
3756 39544
3757 4784
3758 184375
3759 462102
3760 456658
3761 327505
3762 262239
3763 246556
3764 377159
3765 350673
3766 99699
3767 77260
3768 379117
3769 292815
3770 445769
3771 44362
3772 41324
3773 117544
3774 186669
3775 382233
3776 249248
3777 41056
3778 332937
3779 398078
3780 421115
3781 103874
3782 232597
3783 114236
3784 273200
3785 3614
3786 423588
3787 337523
3788 348201
3789 121
3790 338424
3791 308630
3792 245664
3793 412414
3794 310050
3795 124233
3796 503444
3797 349685
3798 408438
3799 159731
3800 318037
3801 244936
3802 226581
3803 336046
3804 401191
3805 30099
3806 207300
3807 207299
3808 542001
3809 365221
3810 382823
3811 11322
3812 359235
3813 371298
3814 89160
3815 527839
3816 105965
3817 314835
3818 55075
3819 386408
3820 335966
3821 363689
3822 523226
3823 6866
3824 286606
3825 248734
3826 424284
3827 368083
3828 475219
3829 392314
3830 491118
3831 146995
3832 124809
3833 439760
3834 77214
3835 457899
3836 148266
3837 437229
3838 327375
3839 506306
3840 47599
3841 359929
3842 131517
3843 248571
3844 517872
3845 124885
3846 434848
3847 432953
3848 273937
3849 129731
3850 517487
3851 481258
3852 132154
3853 310416
3854 151229
3855 21697
3856 418946
3857 520031
3858 230588
3859 294460
3860 256370
3861 108451
3862 203876
3863 389437
3864 22014
3865 508899
3866 82350
3867 442235
3868 118235
3869 502207
3870 433973
3871 379174
3872 306870
3873 325252
3874 360724
3875 208993
3876 137915
3877 2394
3878 72546
3879 328577
3880 2779
3881 470784
3882 85574
3883 193365
3884 437999
3885 62708
3886 328658
3887 56036
3888 272513
3889 334093
3890 239904
3891 402982
3892 228110
3893 529415
3894 539705
3895 83966
3896 277424
3897 607
3898 3466
3899 523605
3900 112160
3901 359701
3902 202874
3903 517483
3904 425112
3905 167356
3906 35617
3907 142135
3908 397350
3909 202890
3910 437741
3911 333450
3912 322412
3913 29093
3914 342020
3915 289850
3916 520870
3917 178611
3918 249583
3919 450153
3920 535728
3921 377662
3922 291843
3923 170192
3924 259569
3925 285622
3926 478379
3927 3947
3928 526442
3929 123891
3930 270213
3931 1020
3932 432995
3933 548514
3934 444947
3935 415744
3936 59046
3937 366537
3938 126594
3939 271343
3940 350388
3941 41642
3942 442769
3943 405671
3944 37869
3945 368413
3946 230019
3947 436678
3948 203064
3949 290184
3950 124204
3951 152372
3952 460786
3953 8563
3954 479903
3955 64755
3956 250071
3957 532557
3958 330267
3959 517457
3960 27058
3961 134802
3962 204210
3963 296796
3964 72232
3965 144838
3966 189585
3967 308089
3968 548460
3969 338235
3970 455815
3971 467484
3972 189292
3973 114751
3974 125201
3975 52945
3976 153899
3977 127971
3978 368531
3979 244638
3980 213382
3981 453731
3982 117450
3983 337637
3984 405650
3985 12741
3986 389865
3987 238623
3988 355927
3989 383181
3990 161743
3991 50306
3992 211999
3993 372506
3994 43066
3995 230016
3996 9862
3997 229585
3998 427856
3999 173057
4000 359532
4001 444929
4002 533009
4003 262972
4004 358915
4005 484525
4006 393279
4007 454725
4008 303321
4009 318493
4010 264008
4011 430045
4012 548396
4013 345363
4014 364610
4015 184581
4016 124409
4017 21995
4018 206214
4019 131543
4020 60181
4021 285641
4022 235800
4023 153091
4024 418027
4025 215040
4026 486596
4027 483233
4028 80504
4029 206691
4030 473769
4031 328246
4032 155374
4033 392943
4034 14036
4035 401921
4036 401883
4037 136868
4038 2067
4039 309403
4040 236787
4041 133148
4042 155361
4043 163684
4044 242333
4045 124983
4046 268788
4047 414190
4048 105876
4049 426812
4050 334087
4051 505931
4052 492507
4053 33606
4054 108031
4055 269225
4056 438309
4057 346654
4058 523516
4059 487737
4060 339003
4061 54251
4062 68477
4063 142476
4064 530028
4065 400024
4066 85939
4067 184227
4068 72777
4069 398655
4070 360096
4071 458019
4072 440946
4073 124344
4074 81663
4075 381244
4076 353279
4077 249282
4078 141404
4079 344525
4080 215345
4081 462047
4082 521112
4083 382025
4084 368275
4085 184215
4086 338174
4087 295199
4088 188598
4089 471464
4090 303286
4091 28624
4092 102484
4093 245739
4094 156041
4095 29147
4096 380476
4097 143744
4098 193447
4099 33565
4100 380845
4101 501887
4102 156359
4103 104207
4104 78639
4105 531550
4106 416259
4107 500593
4108 38928
4109 529769
4110 267343
4111 262622
4112 321126
4113 457463
4114 397289
4115 127718
4116 507461
4117 362975
4118 439550
4119 189084
4120 11694
4121 54241
4122 205781
4123 117477
4124 274987
4125 520864
4126 522823
4127 337186
4128 291495
4129 210666
4130 64752
4131 40111
4132 440338
4133 190538
4134 458578
4135 305451
4136 209553
4137 139504
4138 518537
4139 404004
4140 529874
4141 491994
4142 327214
4143 148243
4144 46910
4145 113722
4146 158661
4147 511099
4148 209018
4149 340541
4150 321981
4151 456567
4152 82210
4153 359395
4154 156307
4155 177326
4156 450347
4157 543540
4158 477135
4159 179378
4160 341166
4161 157476
4162 201783
4163 508797
4164 48624
4165 505151
4166 125358
4167 126912
4168 161482
4169 190910
4170 122525
4171 222480
4172 462128
4173 45959
4174 322501
4175 99647
4176 35570
4177 47159
4178 283136
4179 306242
4180 325518
4181 499665
4182 457270
4183 162238
4184 106156
4185 238965
4186 23763
4187 174997
4188 151903
4189 507132
4190 407586
4191 91602
4192 115095
4193 498156
4194 70527
4195 541332
4196 228992
4197 51698
4198 46118
4199 382652
4200 182077
4201 458880
4202 165970
4203 377273
4204 140677
4205 253306
4206 520940
4207 410207
4208 150273
4209 65912
4210 203503
4211 346255
4212 143837
4213 311057
4214 84889
4215 487178
4216 111089
4217 276786
4218 501578
4219 462475
4220 118862
4221 476081
4222 200315
4223 438194
4224 532716
4225 121205
4226 400655
4227 456741
4228 432606
4229 10003
4230 466674
4231 53004
4232 315533
4233 162018
4234 268203
4235 375182
4236 344651
4237 533907
4238 427718
4239 397283
4240 8222
4241 185125
4242 203980
4243 188629
4244 439592
4245 209796
4246 434648
4247 465717
4248 533354
4249 339194
4250 26421
4251 343952
4252 73424
4253 35342
4254 277332
4255 502949
4256 438272
4257 94673
4258 459391
4259 125302
4260 277236
4261 448437
4262 429897
4263 101471
4264 471788
4265 166352
4266 496452
4267 162978
4268 129031
4269 159805
4270 509265
4271 369482
4272 406370
4273 146352
4274 510281
4275 301660
4276 307949
4277 64910
4278 382338
4279 437782
4280 341815
4281 430959
4282 143210
4283 288242
4284 352796
4285 486965
4286 394709
4287 217927
4288 149960
4289 65286
4290 192468
4291 352269
4292 292861
4293 57282
4294 128093
4295 13624
4296 159123
4297 410208
4298 218236
4299 509369
4300 133397
4301 250987
4302 455507
4303 496265
4304 434624
4305 117698
4306 202717
4307 487753
4308 228120
4309 334156
4310 79058
4311 211799
4312 239184
4313 153629
4314 332835
4315 1165
4316 200183
4317 506664
4318 20165
4319 48793
4320 355572
4321 248276
4322 361005
4323 187514
4324 421561
4325 263716
4326 15398
4327 200048
4328 378653
4329 279849
4330 449287
4331 461239
4332 363882
4333 348583
4334 354850
