iter  AnomalyNodeRemoved  LL
0 NA -129071.207784
1 228050 -129010.565994
2 59399 -128957.026726
3 288927 -128868.062443
4 541817 -128662.716191
5 538540 -128539.053575
6 239901 -128521.836564
7 264475 -128488.336191
8 73464 -128471.587165
9 140149 -128438.089243
10 526447 -128237.101794
11 404707 -128103.110161
12 140145 -128036.114342
13 538536 -127868.624803
14 538542 -127684.386310
15 538535 -127567.143632
16 538538 -127433.152002
17 374933 -127366.156187
18 217497 -127265.662464
19 342242 -127198.666649
20 338918 -127165.168742
21 226216 -127131.670834
22 140140 -127098.172927
23 538537 -127014.428158
24 538539 -126964.181296
25 524653 -126880.436527
26 452799 -126813.440712
27 73508 -126545.457452
28 82881 -126461.712683
29 89799 -126377.967914
30 483802 -126294.223145
31 126564 -126277.474191
32 398719 -126243.976284
33 150732 -126210.478376
34 521225 -126176.980469
35 542237 -126076.486746
36 542236 -125975.993023
37 343 -125842.001393
38 64552 -125791.754532
39 277145 -125775.005578
40 312597 -125741.507671
41 100690 -125724.758717
42 39107 -125691.260809
43 486966 -125607.516040
44 170095 -125507.022318
45 96557 -125456.775456
46 433012 -125373.030687
47 44508 -125088.298473
48 169570 -125021.302658
49 28804 -124451.838230
50 545051 -123982.867524
51 146974 -123949.369616
52 127323 -123915.871709
53 169566 -123882.373801
54 169565 -123848.875894
55 538092 -123815.377986
56 253934 -123781.880078
57 127328 -123748.382171
58 104106 -123664.637402
59 253933 -123647.888448
60 531908 -123631.139494
61 28793 -123580.892633
62 28794 -123379.905188
63 88159 -123312.909373
64 320896 -123262.662511
65 109091 -123229.164604
66 209307 -123178.917742
67 374057 -123111.921927
68 165597 -123095.172974
69 545396 -122860.687621
70 165600 -122843.938667
71 545395 -122709.947037
72 348970 -122642.951222
73 80662 -122559.206453
74 245161 -122492.210638
75 300396 -122458.712730
76 186682 -122408.465869
77 450564 -122391.716915
78 204547 -122374.967961
79 125522 -122358.219007
80 21037 -122341.470054
81 434126 -122291.223192
82 397345 -122090.235747
83 467007 -121972.993070
84 271557 -121922.746209
85 334616 -121872.499348
86 426313 -121839.001440
87 54644 -121822.252486
88 293538 -121671.511902
89 60154 -121654.762949
90 493495 -121571.018180
91 82549 -121403.528642
92 57643 -121336.532827
93 45847 -121169.043289
94 300044 -121118.796428
95 459267 -121068.549566
96 521165 -121018.302705
97 284323 -120968.055844
98 175587 -120917.808982
99 378809 -120884.311075
100 468102 -120850.813167
101 149140 -120733.570491
102 218419 -120616.327814
103 128060 -120566.080953
104 114756 -120465.587230
105 206831 -120381.842461
106 177851 -120365.093508
107 103379 -120348.344554
108 441360 -120231.101877
109 29120 -120113.859201
110 223927 -120046.863386
111 384234 -120030.114432
112 387504 -119996.616525
113 513169 -119979.867571
114 260004 -119912.871756
115 382301 -119896.122802
116 534739 -119829.126987
117 309732 -119812.378033
118 190973 -119795.629079
119 400751 -119778.880125
120 409906 -119678.386403
121 227655 -119644.888495
122 391504 -119611.390588
123 19994 -119594.641634
124 68489 -119561.143726
125 351915 -119443.901050
126 113616 -119427.152096
127 295142 -119393.654189
128 59090 -119343.407327
129 226125 -119259.662558
130 4632 -119092.173021
131 208836 -119008.428252
132 186853 -118924.683483
133 192449 -118840.938714
134 397295 -118757.193945
135 138515 -118706.947084
136 392605 -118572.955453
137 12847 -118522.708592
138 125537 -118438.963823
139 74164 -118321.721147
140 427459 -118170.980563
141 304036 -118020.239979
142 415861 -117902.997302
143 371689 -117836.001487
144 463324 -117819.252533
145 530062 -117752.256718
146 269442 -117718.758811
147 533525 -117702.009857
148 437032 -117685.260903
149 403271 -117668.511949
150 244935 -117618.265088
151 125625 -117551.269273
152 411585 -117534.520319
153 170849 -117501.022412
154 422 -117467.524504
155 285448 -117417.277643
156 157849 -117383.779735
157 400444 -117300.034966
158 133233 -117266.537059
159 461291 -117199.541244
160 134884 -117149.294382
161 188193 -117132.545428
162 280423 -117099.047521
163 211043 -117065.549613
164 418084 -117015.302752
165 243763 -116965.055891
166 119200 -116931.557983
167 507482 -116914.809029
168 213517 -116898.060076
169 189843 -116864.562168
170 527231 -116831.064260
171 245004 -116814.315307
172 288818 -116764.068445
173 173351 -116596.578908
174 42294 -116429.089370
175 362349 -116412.340416
176 169024 -116362.093555
177 116933 -116345.344601
178 408616 -116328.595647
179 106432 -116311.846693
180 126231 -116261.599832
181 108134 -116244.850878
182 184237 -116110.859248
183 333934 -116077.361340
184 288956 -116010.365525
185 399434 -115926.620756
186 222139 -115859.624941
187 175194 -115809.378080
188 247817 -115792.629126
189 103715 -115775.880172
190 235599 -115708.884357
191 499442 -115608.390635
192 135289 -115574.892727
193 338934 -115474.399004
194 197686 -115306.909467
195 193399 -115172.917836
196 68091 -115122.670975
197 543810 -115105.922021
198 472681 -115089.173067
199 248453 -115022.177252
200 219370 -114938.432483
201 295498 -114804.440853
202 490052 -114653.700269
203 155169 -114486.210731
204 401124 -114469.461778
205 132715 -114435.963870
206 536547 -114352.219101
207 445765 -114318.721194
208 376570 -114285.223286
209 114285 -114201.478517
210 261938 -114184.729563
211 265851 -114067.486887
212 96523 -114050.737933
213 256958 -114033.988979
214 128597 -113966.993164
215 162074 -113899.997349
216 439064 -113866.499442
217 153216 -113816.252580
218 161558 -113782.754673
219 420254 -113749.256765
220 170728 -113732.507811
221 162685 -113665.511996
222 325406 -113615.265135
223 453954 -113598.516181
224 43042 -113548.269320
225 19911 -113531.520366
226 19907 -113481.273505
227 246038 -113464.524551
228 451122 -113447.775597
229 52107 -113431.026643
230 362391 -113397.528736
231 214648 -113347.281875
232 248105 -113330.532921
233 537684 -113297.035013
234 324335 -113263.537106
235 52341 -113246.788152
236 335727 -113213.290244
237 334806 -113179.792337
238 508718 -113129.545475
239 202733 -113112.796522
240 21597 -113096.047568
241 132263 -113079.298614
242 524078 -113045.800707
243 500640 -113029.051753
244 471716 -112995.553845
245 106176 -112978.804891
246 458399 -112962.055938
247 400518 -112911.809076
248 454186 -112811.315354
249 268246 -112761.068492
250 476881 -112744.319538
251 175526 -112694.072677
252 314458 -112660.574770
253 35989 -112627.076862
254 159143 -112610.327908
255 433633 -112543.332093
256 357490 -112526.583139
257 495410 -112476.336278
258 358992 -112426.089417
259 278495 -112392.591509
260 418494 -112359.093602
261 238553 -112342.344648
262 192997 -112325.595694
263 103477 -112308.846740
264 236053 -112225.101971
265 528696 -112174.855110
266 303085 -112158.106156
267 193460 -112141.357202
268 197972 -112124.608249
269 99723 -112107.859295
270 129298 -112074.361387
271 121601 -112040.863480
272 430780 -112024.114526
273 296749 -112007.365572
274 289440 -111973.867665
275 220081 -111957.118711
276 216901 -111940.369757
277 359346 -111923.620803
278 446284 -111890.122896
279 483528 -111856.624988
280 483526 -111839.876034
281 542235 -111789.629173
282 259198 -111756.131266
283 316541 -111739.382312
284 360754 -111722.633358
285 507944 -111689.135450
286 240427 -111605.390682
287 240431 -111521.645913
288 56693 -111488.148005
289 32336 -111471.399051
290 114452 -111437.901144
291 80190 -111354.156375
292 330095 -111253.662652
293 85543 -111220.164745
294 134307 -111203.415791
295 423209 -111186.666837
296 14233 -111169.917883
297 259201 -111136.419976
298 97688 -111069.424161
299 136479 -111019.177299
300 338565 -110968.930438
301 317181 -110935.432530
302 475886 -110851.687762
303 88342 -110834.938808
304 98519 -110801.440900
305 124216 -110784.691946
306 127325 -110767.942993
307 28805 -110700.947178
308 152675 -110667.449270
309 256952 -110650.700316
310 435278 -110600.453455
311 420860 -110466.461825
312 103650 -110416.214963
313 388377 -110315.721241
314 420996 -110298.972287
315 373289 -110282.223333
316 170503 -110265.474379
317 153355 -110248.725426
318 338562 -110231.976472
319 200547 -110215.227518
320 49019 -110164.980657
321 102557 -110131.482749
322 523293 -110097.984842
323 485731 -110081.235888
324 217766 -110030.989026
325 299589 -110014.240073
326 506660 -109997.491119
327 187545 -109980.742165
328 202613 -109963.993211
329 523651 -109930.495304
330 187097 -109896.997396
331 135352 -109880.248442
332 271841 -109846.750535
333 242447 -109830.001581
334 178707 -109746.256812
335 338782 -109712.758905
336 208783 -109696.009951
337 382951 -109679.260997
338 66148 -109662.512043
339 525717 -109645.763089
340 48933 -109562.018321
341 420948 -109344.281921
342 215588 -109243.788199
343 143575 -109076.298661
344 135241 -108959.055985
345 370940 -108892.060169
346 302962 -108875.311216
347 508388 -108858.562262
348 150052 -108841.813308
349 199973 -108825.064354
350 253149 -108774.817493
351 467160 -108758.068539
352 211550 -108741.319585
353 304570 -108707.821678
354 476937 -108691.072724
355 401212 -108674.323770
356 313288 -108657.574817
357 432354 -108640.825863
358 134759 -108624.076909
359 382381 -108573.830048
360 358448 -108523.583186
361 54469 -108490.085279
362 290479 -108456.587371
363 13516 -108439.838417
364 20178 -108406.340510
365 538541 -108356.093649
366 98546 -108272.348880
367 324827 -108255.599926
368 164231 -108222.102018
369 10857 -108188.604111
370 498249 -108155.106203
371 431412 -108121.608296
372 265607 -108088.110388
373 486736 -108071.361434
374 221820 -108054.612481
