0(205753): 
1(120216): 1(7.144660), 
2(514234): 1(0.466323), 2(14.613986), 
3(144759): 1(8.431640), 
4(96570): 1(6.815727), 
5(170852): 1(1.599937), 
6(155547): 
7(101887): 0(1.251041), 
8(522052): 0(2.072703), 
9(334949): 0(1.207110), 
10(138082): 0(1.708864), 
11(282030): 0(1.886271), 
12(490663): 
13(242922): 0(0.736317), 
14(77207): 0(0.738769), 
15(267488): 0(0.677039), 
16(478239): 
17(54592): 0(1.169174), 
18(334702): 0(1.329229), 
19(154531): 0(0.583682), 
20(502957): 
21(449271): 0(1.272423), 
22(523122): 
23(148667): 
24(543383): 
25(470241): 
26(29420): 
27(332625): 
28(30231): 0(1.209392), 
29(534183): 
30(31816): 
31(493688): 
32(183335): 
33(471504): 
34(295712): 
35(68266): 
36(327230): 0(1.096186), 
37(255998): 
38(153667): 
39(302934): 
40(421055): 
41(524835): 0(0.482274), 
42(303224): 
43(17709): 
44(99737): 
45(266875): 
46(110845): 0(0.309709), 
47(323681): 
48(447132): 
49(518779): 
50(291353): 
51(250473): 
52(89482): 
53(174042): 
54(385452): 
55(143298): 
56(214971): 
57(148815): 
58(28177): 
59(387927): 
60(406316): 
61(192753): 
62(430917): 
63(93050): 
64(526279): 
65(267589): 
66(399472): 
67(237412): 
68(113814): 
69(303820): 
70(492019): 
71(54426): 
72(362794): 
73(22687): 
74(62052): 
75(335207): 
76(145667): 1(0.368104), 
77(241881): 1(1.562493), 2(13.092372), 
78(439926): 1(2.217365), 
79(323839): 2(0.336239), 
80(388820): 2(2.338765), 
81(502220): 2(5.859741), 
82(251270): 2(8.907943), 
83(207318): 
84(356552): 
85(418859): 
86(513584): 
87(145796): 
88(190037): 
89(276303): 1(0.291952), 
90(323234): 
91(514938): 1(0.368084), 
92(122110): 1(0.291836), 
93(95025): 1(0.366984), 
94(22383): 
95(220940): 1(0.368296), 
96(343273): 
97(245861): 2(0.329979), 
98(51130): 2(0.336318), 
99(520043): 2(2.129754), 
100(544881): 
101(173982): 
102(491704): 
