9650	43881	74550	74552	83155	90380	96158	108194	127568	134221	134224	134225	134228	144191	144193	157624	172367	172369	179921	179922	199097	199099	203703	247058	247059	252788	270306	534623	538287	538480	538974	541418	542184	542321	542446	542683	542902	543056	543105	543161	543162	543173	543247	543343	543720	543789	543860	543872	543873	543874	543875	543899
9650	43881	74550	74552	83155	90380	96158	108194	127568	134221	134224	134225	134228	144191	144193	157624	172367	172369	179921	179922	199097	199099	203703	247058	247059	252788	270306	534623	538287	538480	538974	541418	542184	542321	542446	542683	542902	543056	543105	543161	543162	543173	543247	543343	543720	543789	543860	543872	543873	543874	543875	543899
9650	43881	74550	74552	83155	90380	96158	108194	127568	134221	134224	134225	134228	144191	144193	157624	172367	172369	179921	179922	199097	199099	203703	247058	247059	252788	270306	534623	538287	538480	538974	541418	542184	542321	542446	542683	542902	543056	543105	543161	543162	543173	543247	543343	543720	543789	543860	543872	543873	543874	543875	543899
9650	43881	74550	74552	83155	90380	96158	108194	127568	134221	134224	134225	134228	144191	144193	157624	172367	172369	179921	179922	199097	199099	203703	247058	247059	252788	270306	534623	538287	538480	538974	541418	542184	542321	542446	542683	542902	543056	543105	543161	543162	543173	543247	543343	543720	543789	543860	543872	543873	543874	543875	543899
9650	74550	74552	83155	90380	96158	108194	127568	134221	134224	134225	134228	144191	144193	157624	172367	172369	179921	179922	199097	199099	203703	247058	247059	252788	270306	538287	538480	538974	541418	542184	542321	542446	542683	542902	543056	543105	543161	543162	543173	543247	543343	543720	543789	543860	543872	543873	543874	543875	543899
9650	43881	74550	74552	83155	90380	96158	108194	127568	134221	134224	134225	134228	144191	144193	157624	172367	172369	179921	179922	199097	199099	203703	247058	247059	252788	270306	534623	538287	538480	538974	541418	542184	542321	542446	542683	542902	543056	543105	543161	543162	543173	543247	543343	543720	543789	543860	543872	543873	543874	543875	543899
9650	43881	74550	74552	83155	90380	96158	108194	127568	134221	134224	134225	134228	144191	144193	157624	172367	172369	179921	179922	199097	199099	203703	247058	247059	252788	270306	534623	538287	538480	538974	541418	542184	542321	542446	542683	542902	543056	543105	543161	543162	543173	543247	543343	543720	543789	543860	543872	543873	543874	543875	543899
9650	43881	74550	74552	83155	90380	96158	108194	127568	134221	134224	134225	134228	144191	144193	157624	172367	172369	179921	179922	199097	199099	203703	247058	247059	252788	270306	534623	538287	538480	538974	541418	542184	542321	542446	542683	542902	543056	543105	543161	543162	543173	543247	543343	543720	543789	543860	543872	543873	543874	543875	543899
9650	43881	74550	74552	83155	90380	96158	108194	127568	134221	134224	134225	134228	144191	144193	157624	172367	172369	179921	179922	199097	199099	203703	247058	247059	252788	270306	534623	538287	538480	538974	541418	542184	542321	542446	542683	542902	543056	543105	543161	543162	543173	543247	543343	543720	543789	543860	543872	543873	543874	543875	543899
9650	43881	74550	74552	83155	90380	96158	108194	127568	134221	134224	134225	134228	144191	144193	157624	172367	172369	179921	179922	199097	199099	203703	247058	247059	252788	270306	534623	538287	538480	538974	541418	542184	542321	542446	542683	542902	543056	543105	543161	543162	543173	543247	543343	543720	543789	543860	543872	543873	543874	543875	543899
9650	43881	74550	74552	83155	90380	96158	108194	127568	134221	134224	134225	134228	144191	144193	157624	172367	172369	179921	179922	199097	199099	203703	247058	247059	252788	270306	534623	538287	538480	538974	541418	542184	542321	542446	542683	542902	543056	543105	543161	543162	543173	543247	543343	543720	543789	543860	543872	543873	543874	543875	543899
9650	43881	74550	74552	83155	90380	96158	108194	127568	134221	134224	134225	134228	144191	144193	157624	172367	172369	179921	179922	199097	199099	203703	247058	247059	252788	270306	534623	538287	538480	538974	541418	542184	542321	542446	542683	542902	543056	543105	543161	543162	543173	543247	543343	543720	543789	543860	543872	543873	543874	543875	543899
9650	43881	74550	74552	83155	90380	96158	108194	127568	134221	134224	134225	134228	144191	144193	157624	172367	172369	179921	179922	199097	199099	203703	247058	247059	252788	270306	534623	538287	538480	538974	541418	542184	542321	542446	542683	542902	543056	543105	543161	543162	543173	543247	543343	543720	543789	543860	543872	543873	543874	543875	543899
9650	43881	74550	74552	83155	90380	96158	108194	127568	134221	134224	134225	134228	144191	144193	157624	172367	172369	179921	179922	199097	199099	203703	247058	247059	252788	270306	534623	538287	538480	538974	541418	542184	542321	542446	542683	542902	543056	543105	543161	543162	543173	543247	543343	543720	543789	543860	543872	543873	543874	543875	543899
9650	43881	74550	74552	83155	90380	96158	108194	127568	134221	134224	134225	134228	144191	144193	157624	172367	172369	179921	179922	199097	199099	203703	247058	247059	252788	270306	534623	538287	538480	538974	541418	542184	542321	542446	542683	542902	543056	543105	543161	543162	543173	543247	543343	543720	543789	543860	543872	543873	543874	543875	543899
9650	43881	74550	74552	83155	90380	96158	108194	127568	134221	134224	134225	134228	144191	144193	157624	172367	172369	179921	179922	199097	199099	203703	247058	247059	252788	270306	534623	538287	538480	538974	541418	542184	542321	542446	542683	542902	543056	543105	543161	543162	543173	543247	543343	543720	543789	543860	543872	543873	543874	543875	543899
9650	43881	74550	74552	83155	90380	96158	108194	127568	134221	134224	134225	134228	144191	144193	157624	172367	172369	179921	179922	199097	199099	203703	247058	247059	252788	270306	534623	538287	538480	538974	541418	542184	542321	542446	542683	542902	543056	543105	543161	543162	543173	543247	543343	543720	543789	543860	543872	543873	543874	543875	543899
9650	43881	74550	74552	83155	90380	96158	108194	127568	134221	134224	134225	134228	144191	144193	157624	172367	172369	179921	179922	199097	199099	203703	247058	247059	252788	270306	534623	538287	538480	538974	541418	542184	542321	542446	542683	542902	543056	543105	543161	543162	543173	543247	543343	543720	543789	543860	543872	543873	543874	543875	543899
9650	43881	74550	74552	83155	90380	96158	108194	127568	134221	134224	134225	134228	144191	144193	157624	172367	172369	179921	179922	199097	199099	203703	247058	247059	252788	270306	534623	538287	538480	538974	541418	542184	542321	542446	542683	542902	543056	543105	543161	543162	543173	543247	543343	543720	543789	543860	543872	543873	543874	543875	543899
9650	43881	74550	74552	83155	90380	96158	108194	127568	134221	134224	134225	134228	144191	144193	157624	172367	172369	179921	179922	199097	199099	203703	247058	247059	252788	270306	534623	538287	538480	538974	541418	542184	542321	542446	542683	542902	543056	543105	543161	543162	543173	543247	543343	543720	543789	543860	543872	543873	543874	543875	543899
9650	43881	74550	74552	83155	90380	96158	108194	127568	134221	134224	134225	134228	144191	144193	157624	172367	172369	179921	179922	199097	199099	203703	247058	247059	252788	270306	534623	538287	538480	538974	541418	542184	542321	542446	542683	542902	543056	543105	543161	543162	543173	543247	543343	543720	543789	543860	543872	543873	543874	543875	543899