iter  precision  recall
1  0.000000  0.000000
2  0.000000  0.000000
3  0.000000  0.000000
4  0.000000  0.000000
5  0.000000  0.000000
6  0.000000  0.000000
7  0.000000  0.000000
8  0.000000  0.000000
9  0.000000  0.000000
10  0.000000  0.000000
11  0.000000  0.000000
12  0.083333  0.000450
13  0.076923  0.000450
14  0.071429  0.000450
15  0.066667  0.000450
16  0.062500  0.000450
17  0.058824  0.000450
18  0.055556  0.000450
19  0.052632  0.000450
20  0.050000  0.000450
21  0.047619  0.000450
22  0.045455  0.000450
23  0.043478  0.000450
24  0.041667  0.000450
25  0.080000  0.000900
26  0.076923  0.000900
27  0.074074  0.000900
28  0.071429  0.000900
29  0.068966  0.000900
30  0.066667  0.000900
31  0.064516  0.000900
32  0.062500  0.000900
33  0.060606  0.000900
34  0.058824  0.000900
35  0.057143  0.000900
36  0.055556  0.000900
37  0.054054  0.000900
38  0.052632  0.000900
39  0.051282  0.000900
40  0.050000  0.000900
41  0.073171  0.001350
42  0.071429  0.001350
43  0.069767  0.001350
44  0.068182  0.001350
45  0.066667  0.001350
46  0.065217  0.001350
47  0.063830  0.001350
48  0.062500  0.001350
49  0.061224  0.001350
50  0.060000  0.001350
51  0.078431  0.001800
52  0.076923  0.001800
53  0.075472  0.001800
54  0.092593  0.002250
55  0.090909  0.002250
56  0.089286  0.002250
57  0.087719  0.002250
58  0.086207  0.002250
59  0.084746  0.002250
60  0.083333  0.002250
61  0.081967  0.002250
62  0.080645  0.002250
63  0.079365  0.002250
64  0.078125  0.002250
65  0.076923  0.002250
66  0.075758  0.002250
67  0.074627  0.002250
68  0.073529  0.002250
69  0.072464  0.002250
70  0.071429  0.002250
71  0.070423  0.002250
72  0.069444  0.002250
73  0.068493  0.002250
74  0.067568  0.002250
75  0.066667  0.002250
76  0.065789  0.002250
77  0.064935  0.002250
78  0.064103  0.002250
79  0.063291  0.002250
80  0.062500  0.002250
81  0.061728  0.002250
82  0.060976  0.002250
83  0.060241  0.002250
84  0.059524  0.002250
85  0.058824  0.002250
86  0.058140  0.002250
87  0.057471  0.002250
88  0.056818  0.002250
89  0.056180  0.002250
90  0.066667  0.002700
91  0.065934  0.002700
92  0.065217  0.002700
93  0.075269  0.003150
94  0.074468  0.003150
95  0.073684  0.003150
96  0.072917  0.003150
97  0.072165  0.003150
98  0.071429  0.003150
99  0.070707  0.003150
100  0.070000  0.003150
101  0.069307  0.003150
102  0.068627  0.003150
103  0.077670  0.003600
104  0.076923  0.003600
105  0.076190  0.003600
106  0.075472  0.003600
107  0.074766  0.003600
108  0.074074  0.003600
109  0.082569  0.004050
110  0.081818  0.004050
111  0.081081  0.004050
112  0.080357  0.004050
113  0.079646  0.004050
114  0.078947  0.004050
115  0.078261  0.004050
116  0.077586  0.004050
117  0.076923  0.004050
118  0.076271  0.004050
119  0.075630  0.004050
120  0.075000  0.004050
121  0.074380  0.004050
122  0.073770  0.004050
123  0.073171  0.004050
124  0.072581  0.004050
125  0.072000  0.004050
126  0.071429  0.004050
127  0.070866  0.004050
128  0.078125  0.004500
129  0.077519  0.004500
130  0.076923  0.004500
131  0.076336  0.004500
132  0.075758  0.004500
133  0.082707  0.004950
134  0.082090  0.004950
135  0.081481  0.004950
136  0.080882  0.004950
137  0.080292  0.004950
138  0.079710  0.004950
139  0.086331  0.005401
140  0.085714  0.005401
141  0.085106  0.005401
142  0.084507  0.005401
143  0.083916  0.005401
144  0.083333  0.005401
145  0.082759  0.005401
146  0.082192  0.005401
147  0.081633  0.005401
148  0.081081  0.005401
149  0.080537  0.005401
150  0.080000  0.005401
151  0.079470  0.005401
152  0.078947  0.005401
153  0.078431  0.005401
154  0.077922  0.005401
155  0.077419  0.005401
156  0.076923  0.005401
157  0.076433  0.005401
158  0.075949  0.005401
159  0.075472  0.005401
160  0.075000  0.005401
161  0.074534  0.005401
162  0.074074  0.005401
163  0.073620  0.005401
164  0.073171  0.005401
165  0.072727  0.005401
166  0.072289  0.005401
167  0.071856  0.005401
168  0.071429  0.005401
169  0.071006  0.005401
170  0.070588  0.005401
171  0.070175  0.005401
172  0.069767  0.005401
173  0.069364  0.005401
174  0.068966  0.005401
175  0.068571  0.005401
176  0.068182  0.005401
177  0.067797  0.005401
178  0.067416  0.005401
179  0.067039  0.005401
180  0.066667  0.005401
181  0.066298  0.005401
182  0.065934  0.005401
183  0.065574  0.005401
184  0.065217  0.005401
185  0.064865  0.005401
186  0.064516  0.005401
187  0.064171  0.005401
188  0.063830  0.005401
189  0.063492  0.005401
190  0.063158  0.005401
191  0.062827  0.005401
192  0.062500  0.005401
193  0.062176  0.005401
194  0.061856  0.005401
195  0.061538  0.005401
196  0.061224  0.005401
197  0.060914  0.005401
198  0.060606  0.005401
199  0.060302  0.005401
200  0.060000  0.005401
201  0.059701  0.005401
202  0.059406  0.005401
203  0.064039  0.005851
204  0.063725  0.005851
205  0.063415  0.005851
206  0.063107  0.005851
207  0.062802  0.005851
208  0.062500  0.005851
209  0.062201  0.005851
210  0.061905  0.005851
211  0.061611  0.005851
212  0.066038  0.006301
213  0.070423  0.006751
214  0.070093  0.006751
215  0.069767  0.006751
216  0.069444  0.006751
217  0.073733  0.007201
218  0.073394  0.007201
219  0.073059  0.007201
220  0.072727  0.007201
221  0.072398  0.007201
222  0.072072  0.007201
223  0.071749  0.007201
224  0.071429  0.007201
225  0.071111  0.007201
226  0.070796  0.007201
227  0.070485  0.007201
228  0.070175  0.007201
229  0.069869  0.007201
230  0.069565  0.007201
231  0.069264  0.007201
232  0.068966  0.007201
233  0.068670  0.007201
234  0.068376  0.007201
235  0.072340  0.007651
236  0.072034  0.007651
237  0.071730  0.007651
238  0.071429  0.007651
239  0.071130  0.007651
240  0.070833  0.007651
241  0.070539  0.007651
242  0.074380  0.008101
243  0.074074  0.008101
244  0.073770  0.008101
245  0.073469  0.008101
246  0.073171  0.008101
247  0.072874  0.008101
248  0.072581  0.008101
249  0.072289  0.008101
250  0.072000  0.008101
251  0.071713  0.008101
252  0.071429  0.008101
253  0.075099  0.008551
254  0.074803  0.008551
255  0.074510  0.008551
256  0.074219  0.008551
257  0.073930  0.008551
258  0.073643  0.008551
259  0.073359  0.008551
260  0.073077  0.008551
261  0.076628  0.009001
262  0.076336  0.009001
263  0.076046  0.009001
264  0.075758  0.009001
265  0.075472  0.009001
266  0.075188  0.009001
267  0.074906  0.009001
268  0.074627  0.009001
269  0.074349  0.009001
270  0.074074  0.009001
271  0.073801  0.009001
272  0.073529  0.009001
273  0.073260  0.009001
274  0.072993  0.009001
275  0.072727  0.009001
276  0.072464  0.009001
277  0.072202  0.009001
278  0.071942  0.009001
279  0.071685  0.009001
280  0.071429  0.009001
281  0.071174  0.009001
282  0.070922  0.009001
283  0.070671  0.009001
284  0.070423  0.009001
285  0.070175  0.009001
286  0.069930  0.009001
287  0.069686  0.009001
288  0.069444  0.009001
289  0.069204  0.009001
290  0.068966  0.009001
291  0.068729  0.009001
292  0.068493  0.009001
293  0.068259  0.009001
294  0.068027  0.009001
295  0.067797  0.009001
296  0.067568  0.009001
297  0.067340  0.009001
298  0.067114  0.009001
299  0.066890  0.009001
300  0.070000  0.009451
301  0.069767  0.009451
302  0.069536  0.009451
303  0.069307  0.009451
304  0.072368  0.009901
305  0.072131  0.009901
306  0.071895  0.009901
307  0.071661  0.009901
308  0.071429  0.009901
309  0.071197  0.009901
310  0.070968  0.009901
311  0.070740  0.009901
312  0.070513  0.009901
313  0.073482  0.010351
314  0.073248  0.010351
315  0.073016  0.010351
316  0.072785  0.010351
317  0.072555  0.010351
318  0.072327  0.010351
319  0.072100  0.010351
320  0.071875  0.010351
321  0.071651  0.010351
322  0.071429  0.010351
323  0.071207  0.010351
324  0.070988  0.010351
325  0.070769  0.010351
326  0.070552  0.010351
327  0.070336  0.010351
328  0.070122  0.010351
329  0.069909  0.010351
330  0.069697  0.010351
331  0.069486  0.010351
332  0.069277  0.010351
333  0.069069  0.010351
334  0.068862  0.010351
335  0.068657  0.010351
336  0.068452  0.010351
337  0.071217  0.010801
338  0.071006  0.010801
339  0.070796  0.010801
340  0.070588  0.010801
341  0.070381  0.010801
342  0.070175  0.010801
343  0.069971  0.010801
344  0.069767  0.010801
345  0.072464  0.011251
346  0.072254  0.011251
347  0.072046  0.011251
348  0.071839  0.011251
349  0.074499  0.011701
350  0.074286  0.011701
351  0.074074  0.011701
352  0.076705  0.012151
353  0.076487  0.012151
354  0.079096  0.012601
355  0.078873  0.012601
356  0.078652  0.012601
357  0.078431  0.012601
358  0.078212  0.012601
359  0.077994  0.012601
360  0.077778  0.012601
361  0.077562  0.012601
362  0.077348  0.012601
363  0.077135  0.012601
364  0.076923  0.012601
365  0.076712  0.012601
366  0.079235  0.013051
367  0.079019  0.013051
368  0.078804  0.013051
369  0.078591  0.013051
370  0.078378  0.013051
371  0.078167  0.013051
372  0.077957  0.013051
373  0.077748  0.013051
374  0.077540  0.013051
375  0.077333  0.013051
376  0.077128  0.013051
377  0.076923  0.013051
378  0.079365  0.013501
379  0.079156  0.013501
380  0.078947  0.013501
381  0.078740  0.013501
382  0.078534  0.013501
383  0.078329  0.013501
384  0.078125  0.013501
385  0.077922  0.013501
386  0.077720  0.013501
387  0.077519  0.013501
388  0.077320  0.013501
389  0.077121  0.013501
390  0.076923  0.013501
391  0.076726  0.013501
392  0.076531  0.013501
393  0.076336  0.013501
394  0.076142  0.013501
395  0.075949  0.013501
396  0.075758  0.013501
397  0.075567  0.013501
398  0.075377  0.013501
399  0.077694  0.013951
400  0.077500  0.013951
401  0.077307  0.013951
402  0.077114  0.013951
403  0.076923  0.013951
404  0.076733  0.013951
405  0.076543  0.013951
406  0.076355  0.013951
407  0.076167  0.013951
408  0.075980  0.013951
409  0.075795  0.013951
410  0.075610  0.013951
411  0.075426  0.013951
412  0.075243  0.013951
413  0.075061  0.013951
414  0.074879  0.013951
415  0.074699  0.013951
416  0.074519  0.013951
417  0.074341  0.013951
418  0.074163  0.013951
419  0.073986  0.013951
420  0.073810  0.013951
421  0.073634  0.013951
422  0.075829  0.014401
423  0.075650  0.014401
424  0.075472  0.014401
425  0.075294  0.014401
426  0.077465  0.014851
427  0.077283  0.014851
428  0.077103  0.014851
429  0.076923  0.014851
430  0.076744  0.014851
431  0.076566  0.014851
432  0.076389  0.014851
433  0.076212  0.014851
434  0.076037  0.014851
435  0.075862  0.014851
436  0.075688  0.014851
437  0.075515  0.014851
438  0.075342  0.014851
439  0.075171  0.014851
440  0.075000  0.014851
441  0.074830  0.014851
442  0.074661  0.014851
443  0.074492  0.014851
444  0.076577  0.015302
445  0.076404  0.015302
446  0.076233  0.015302
447  0.076063  0.015302
448  0.075893  0.015302
449  0.075724  0.015302
450  0.075556  0.015302
451  0.075388  0.015302
452  0.075221  0.015302
453  0.075055  0.015302
454  0.074890  0.015302
455  0.076923  0.015752
456  0.076754  0.015752
457  0.076586  0.015752
458  0.076419  0.015752
459  0.076253  0.015752
460  0.076087  0.015752
461  0.075922  0.015752
462  0.075758  0.015752
463  0.075594  0.015752
464  0.075431  0.015752
465  0.075269  0.015752
466  0.075107  0.015752
467  0.074946  0.015752
468  0.074786  0.015752
469  0.074627  0.015752
470  0.074468  0.015752
471  0.074310  0.015752
472  0.076271  0.016202
473  0.076110  0.016202
474  0.075949  0.016202
475  0.075789  0.016202
476  0.077731  0.016652
477  0.077568  0.016652
478  0.077406  0.016652
479  0.077244  0.016652
480  0.077083  0.016652
481  0.076923  0.016652
482  0.076763  0.016652
483  0.076605  0.016652
484  0.076446  0.016652
485  0.076289  0.016652
486  0.078189  0.017102
487  0.080082  0.017552
488  0.079918  0.017552
489  0.079755  0.017552
490  0.079592  0.017552
491  0.079430  0.017552
492  0.079268  0.017552
493  0.079108  0.017552
494  0.080972  0.018002
495  0.080808  0.018002
496  0.080645  0.018002
497  0.082495  0.018452
498  0.082329  0.018452
499  0.082164  0.018452
500  0.082000  0.018452
