0(421623): 
1(421622): 
2(288065): 
3(255797): 1(0.930395), 2(0.930395), 
4(487436): 1(0.448593), 2(0.448593), 
5(255835): 1(0.480843), 2(0.480843), 
6(487291): 1(0.554048), 2(0.554048), 
7(381780): 1(0.359003), 2(0.359003), 
8(255799): 1(1.549840), 2(1.549840), 
9(255833): 1(0.331297), 2(0.331297), 
10(255832): 1(0.628922), 2(0.628922), 
11(255827): 
12(255821): 1(0.355057), 2(0.355057), 
13(198419): 
14(255830): 1(0.411505), 2(0.411505), 
15(230956): 1(0.291123), 2(0.291123), 
16(369864): 
17(527610): 1(0.546919), 2(0.546919), 
18(416272): 
19(230962): 1(0.332566), 2(0.332566), 
20(416226): 
21(435675): 
22(255818): 
23(255811): 1(0.516169), 2(0.516169), 
24(321548): 
25(369800): 
26(255803): 
27(255813): 0(0.521276), 3(0.521276), 4(0.521276), 5(0.521276), 
28(369789): 
29(369788): 
30(255838): 
31(255828): 1(0.372058), 2(0.372058), 
32(369790): 
33(255800): 1(0.339304), 2(0.339304), 
34(255825): 
35(369799): 
36(369784): 
37(369794): 
38(369863): 0(0.459224), 3(0.459224), 4(0.459224), 5(0.459224), 
39(369787): 
40(117182): 
41(199718): 
42(369785): 
43(369782): 
44(369865): 0(0.376319), 3(0.376319), 4(0.376319), 5(0.376319), 
45(369867): 0(0.350312), 3(0.350312), 4(0.350312), 5(0.350312), 
46(369795): 
47(369862): 0(0.515868), 3(0.515868), 4(0.515868), 5(0.515868), 
48(369801): 
49(321550): 
50(369786): 
51(369797): 
52(400780): 
53(22412): 
54(494444): 
55(369792): 
56(369791): 
57(369783): 
58(369869): 
59(369872): 
60(255817): 
61(369798): 
62(164574): 
63(224536): 
64(494440): 
65(494449): 
66(255796): 
67(230957): 1(0.412199), 2(0.412199), 
68(255815): 
69(255814): 
70(369796): 
71(369793): 
72(369866): 
73(44291): 
74(278618): 
75(66033): 
76(292335): 
77(61149): 
78(460907): 
