0 421623
1 421622
2 288065
3 255797
4 487436
5 255835
6 487291
7 381780
8 255799
9 255833
10 255832
11 255827
12 255821
13 198419
14 255830
15 230956
16 369864
17 527610
18 416272
19 230962
20 416226
21 435675
22 255818
23 255811
24 321548
25 369800
26 255803
27 255813
28 369789
29 369788
30 255838
31 255828
32 369790
33 255800
34 255825
35 369799
36 369784
37 369794
38 369863
39 369787
40 117182
41 199718
42 369785
43 369782
44 369865
45 369867
46 369795
47 369862
48 369801
49 321550
50 369786
51 369797
52 400780
53 22412
54 494444
55 369792
56 369791
57 369783
58 369869
59 369872
60 255817
61 369798
62 164574
63 224536
64 494440
65 494449
66 255796
67 230957
68 255815
69 255814
70 369796
71 369793
72 369866
73 44291
74 278618
75 66033
76 292335
77 61149
78 460907
