0(213239): 2(0.553805), 
1(31598): 2(0.793148), 
2(116682): 0(0.647906), 2(2.762989), 
3(383399): 2(0.938507), 
4(373549): 2(0.417361), 
5(328691): 2(0.626290), 
6(24221): 0(3.777284), 2(1.090134), 
7(523265): 1(0.877719), 
8(231148): 1(1.306038), 
9(214485): 1(1.070588), 
10(125774): 1(0.490060), 
11(348225): 1(28.619225), 
12(467717): 0(1.903252), 
13(385257): 1(0.742766), 
14(351766): 0(1.798691), 
15(75184): 
16(186391): 0(2.297744), 
17(258173): 0(0.914318), 
18(84961): 
19(420599): 
20(492179): 0(1.572170), 1(0.518861), 
21(270262): 0(0.452103), 
22(519355): 0(0.413542), 
23(283892): 
24(480390): 
25(31001): 1(0.652113), 
26(385201): 2(1.953062), 
27(513318): 
28(287345): 2(0.579923), 
29(47988): 
30(428038): 
31(14930): 
32(344078): 2(0.443256), 
33(515453): 
34(88563): 
35(530309): 2(1.980411), 
36(317951): 1(0.628911), 
37(320777): 
38(325282): 
39(212112): 
40(128871): 
41(456448): 1(0.489497), 
42(305604): 
43(71445): 
44(85979): 1(0.369253), 
45(240723): 1(0.369588), 
46(410779): 
47(392818): 
48(259495): 
49(226785): 
50(374644): 
51(534859): 2(0.376147), 
