0 213239
1 31598
2 116682
3 383399
4 373549
5 328691
6 24221
7 523265
8 231148
9 214485
10 125774
11 348225
12 467717
13 385257
14 351766
15 75184
16 186391
17 258173
18 84961
19 420599
20 492179
21 270262
22 519355
23 283892
24 480390
25 31001
26 385201
27 513318
28 287345
29 47988
30 428038
31 14930
32 344078
33 515453
34 88563
35 530309
36 317951
37 320777
38 325282
39 212112
40 128871
41 456448
42 305604
43 71445
44 85979
45 240723
46 410779
47 392818
48 259495
49 226785
50 374644
51 534859
