0(462832): 5(0.901703), 
1(178686): 5(0.375829), 
2(271813): 5(0.456640), 
3(53222): 5(0.558280), 
4(265445): 5(0.540332), 
5(251959): 5(0.375279), 
6(306793): 5(0.964546), 
7(487055): 5(2.892911), 
8(49035): 5(1.327892), 
9(102775): 5(0.553852), 
10(444942): 5(0.470438), 
11(407774): 
12(478839): 
13(525716): 
14(435365): 
15(276246): 
16(519747): 
17(301600): 
18(468261): 
19(201227): 
20(251852): 
21(483679): 
22(503771): 
23(337486): 
24(35571): 
25(537153): 
26(63874): 
27(83969): 
28(504740): 
29(21483): 
30(258780): 
31(451183): 5(0.405537), 
32(499925): 
33(304321): 
34(25701): 5(0.563444), 
35(468948): 5(0.456435), 
36(493743): 
37(421033): 
38(33803): 5(1.174516), 
39(272524): 
40(214149): 
41(4146): 5(0.645059), 
42(520679): 5(0.370675), 
43(108580): 
44(195538): 
45(133152): 
46(158023): 
47(497701): 
48(42149): 
49(331207): 
50(403381): 5(1.163242), 
51(220904): 
52(78553): 5(0.456891), 
53(248037): 
54(21302): 
55(511312): 
56(51773): 
57(66787): 
58(51935): 
