0 462832
1 178686
2 271813
3 53222
4 265445
5 251959
6 306793
7 487055
8 49035
9 102775
10 444942
11 407774
12 478839
13 525716
14 435365
15 276246
16 519747
17 301600
18 468261
19 201227
20 251852
21 483679
22 503771
23 337486
24 35571
25 537153
26 63874
27 83969
28 504740
29 21483
30 258780
31 451183
32 499925
33 304321
34 25701
35 468948
36 493743
37 421033
38 33803
39 272524
40 214149
41 4146
42 520679
43 108580
44 195538
45 133152
46 158023
47 497701
48 42149
49 331207
50 403381
51 220904
52 78553
53 248037
54 21302
55 511312
56 51773
57 66787
58 51935
