0(31348): 0(4.582804), 2(13.932065), 
1(530090): 0(0.286309), 
2(454463): 
3(430544): 0(0.393265), 
4(357203): 
5(95539): 0(0.564109), 2(2.018128), 
6(217970): 0(0.279038), 
7(51187): 2(1.695420), 
8(20763): 2(0.868618), 
9(225811): 0(12.108999), 2(5.112429), 
10(540372): 2(0.676967), 
11(216885): 0(5.977356), 
12(19767): 0(5.538750), 2(0.609121), 
13(249514): 2(0.884903), 
14(273670): 0(1.196010), 
15(105238): 0(7.301173), 
16(338338): 
17(362572): 
18(74852): 
19(113192): 
20(391528): 
21(524891): 
22(48053): 
23(117923): 
24(368169): 
25(233859): 
26(14981): 
27(389494): 
28(432983): 
29(352692): 
30(367645): 
31(163000): 
32(503628): 
33(392875): 1(0.646859), 
34(440566): 1(0.562762), 
35(430615): 1(0.277286), 
36(347257): 
37(373473): 
38(501634): 1(0.268358), 
39(208216): 1(0.619466), 
40(439593): 1(0.892235), 
41(233232): 1(0.474982), 
42(464863): 1(0.439988), 
43(437216): 1(0.587716), 
44(172228): 1(0.322191), 
45(448590): 1(1.103187), 
46(502236): 1(0.466457), 
47(313078): 1(0.633705), 
48(13518): 1(1.303997), 
49(403958): 1(0.322389), 
50(140265): 1(0.557096), 
51(165124): 1(0.429741), 
52(8533): 1(0.429610), 
53(130245): 1(0.429608), 
54(360161): 1(0.365585), 
55(414636): 
56(316345): 
57(380727): 1(0.435598), 
58(234093): 1(0.808067), 
59(224371): 1(0.552791), 
60(34011): 1(0.872780), 
61(184612): 1(0.322395), 
62(50574): 1(0.322577), 
63(105187): 
64(502786): 
65(255337): 
66(520005): 
67(13850): 
68(22036): 
69(279185): 
70(303673): 
71(73601): 
72(170461): 
73(98536): 
74(382881): 
75(440606): 
76(42769): 
77(376699): 
78(350418): 
79(199263): 
80(504792): 
81(171689): 
82(92249): 
83(386234): 
84(137338): 0(0.292928), 
85(237646): 1(0.529348), 
86(171214): 1(0.728339), 
87(63331): 
88(11683): 1(0.284901), 
89(262995): 
90(534198): 1(0.290555), 
91(56822): 
92(165310): 
93(213303): 
94(367973): 
95(190413): 
96(190336): 
97(488036): 
98(342105): 
99(453411): 
100(225637): 
101(69831): 
102(268848): 
103(66284): 
104(541185): 
105(230469): 
106(68112): 
107(118315): 
108(109732): 
109(217716): 
110(75362): 
