0 31348
1 530090
2 454463
3 430544
4 357203
5 95539
6 217970
7 51187
8 20763
9 225811
10 540372
11 216885
12 19767
13 249514
14 273670
15 105238
16 338338
17 362572
18 74852
19 113192
20 391528
21 524891
22 48053
23 117923
24 368169
25 233859
26 14981
27 389494
28 432983
29 352692
30 367645
31 163000
32 503628
33 392875
34 440566
35 430615
36 347257
37 373473
38 501634
39 208216
40 439593
41 233232
42 464863
43 437216
44 172228
45 448590
46 502236
47 313078
48 13518
49 403958
50 140265
51 165124
52 8533
53 130245
54 360161
55 414636
56 316345
57 380727
58 234093
59 224371
60 34011
61 184612
62 50574
63 105187
64 502786
65 255337
66 520005
67 13850
68 22036
69 279185
70 303673
71 73601
72 170461
73 98536
74 382881
75 440606
76 42769
77 376699
78 350418
79 199263
80 504792
81 171689
82 92249
83 386234
84 137338
85 237646
86 171214
87 63331
88 11683
89 262995
90 534198
91 56822
92 165310
93 213303
94 367973
95 190413
96 190336
97 488036
98 342105
99 453411
100 225637
101 69831
102 268848
103 66284
104 541185
105 230469
106 68112
107 118315
108 109732
109 217716
110 75362
