0(98546): 1(13.592368), 
1(324827): 1(0.483148), 
2(370940): 0(2.774724), 
3(219248): 
4(215588): 0(6.210385), 
5(420948): 0(25.826429), 1(23.973365), 
6(135241): 0(16.832698), 1(2.431903), 
7(189331): 2(21.528009), 
8(143575): 0(19.397712), 1(11.216988), 
9(208995): 
10(164231): 1(22.087947), 
11(142299): 
12(422525): 
13(474776): 
14(191544): 
15(305173): 
16(48933): 0(1.541139), 
17(134759): 
18(465092): 
19(432354): 
20(452249): 
21(306231): 
22(88064): 2(1.192618), 
23(278711): 2(4.104931), 
24(220465): 2(1.198723), 
25(50208): 
26(122205): 
27(20166): 
28(462824): 
