0(74703): 
1(310594): 
2(132771): 
3(336537): 
4(124223): 
5(157592): 
6(295343): 
7(312581): 
8(286764): 
9(237684): 
10(516492): 2(0.054623), 3(0.054623), 
11(177793): 
12(19340): 
13(461643): 
14(101774): 1(0.105146), 
15(467963): 1(0.126995), 
16(381732): 1(0.086949), 
17(104281): 1(0.503498), 
18(50406): 1(0.154715), 
19(138750): 1(0.109075), 
20(26060): 1(0.270323), 
21(354293): 
22(201597): 
23(511141): 
24(279875): 
25(404506): 
26(541044): 
27(217106): 
28(66432): 
29(88483): 2(0.065048), 3(0.065048), 
30(484723): 2(0.104344), 3(0.104344), 
31(191257): 2(0.239898), 3(0.239898), 
32(213217): 2(0.211937), 3(0.211937), 
33(430498): 2(0.257527), 3(0.257527), 
34(380495): 2(0.170127), 3(0.170127), 
35(497391): 6(0.075070), 
36(285256): 6(0.272820), 
37(176980): 
38(231359): 6(0.098748), 
39(7754): 6(0.100832), 
40(93789): 
41(443042): 
42(377757): 
43(497007): 1(0.106823), 
44(533982): 1(0.084380), 
45(301834): 1(0.084347), 
46(295435): 1(0.152660), 
47(353399): 1(0.084281), 
48(246337): 1(0.106778), 
49(48895): 
50(495167): 
51(453893): 
52(533772): 
53(348809): 
54(332507): 
55(522261): 
56(520459): 
57(213200): 0(0.504947), 
58(327497): 0(0.092603), 
59(227121): 0(0.169135), 
60(31980): 0(0.570068), 
61(130542): 0(0.307654), 
62(442010): 0(0.093556), 
63(395622): 0(0.093911), 
64(302509): 0(0.093637), 
65(121344): 0(0.094108), 
66(229039): 0(0.093670), 
67(11152): 0(0.150233), 
68(403329): 0(0.093010), 
69(374161): 0(0.092593), 
70(180569): 0(0.365239), 
71(410747): 0(0.326061), 
72(490861): 0(0.094063), 
73(254640): 0(0.110983), 
74(458185): 0(0.094184), 
75(527121): 0(0.093857), 
76(498708): 0(0.094013), 
77(529227): 0(0.093651), 
78(305601): 0(0.094003), 
79(121768): 0(0.093925), 
80(442541): 0(0.093625), 
81(138211): 0(0.287885), 
82(500747): 0(0.150298), 
83(193834): 0(0.093871), 
84(51282): 
85(138101): 
86(336452): 
87(529445): 
88(285602): 
89(508646): 
90(21055): 
91(281837): 0(0.050684), 
92(350019): 0(0.105330), 
93(286320): 
94(455569): 0(0.233792), 
95(120430): 6(0.057882), 
96(244036): 6(0.098382), 
97(43538): 6(0.098026), 
98(115101): 6(0.098312), 
99(181165): 0(0.109518), 
100(531346): 0(0.109483), 
101(320550): 0(0.148245), 
102(55287): 0(0.091346), 
103(357153): 0(0.091363), 
104(532573): 0(0.185622), 
105(48274): 0(0.128294), 
106(358729): 0(0.076136), 
107(88616): 0(0.808234), 
108(279682): 0(0.209260), 
109(392323): 0(1.905691), 
110(115022): 0(0.431449), 
111(142816): 2(0.131347), 3(0.131347), 
112(41102): 2(0.266690), 3(0.266690), 
113(450306): 2(0.064641), 3(0.064641), 
114(194498): 2(0.117424), 3(0.117424), 
115(64667): 2(0.064614), 3(0.064614), 
116(88234): 2(0.172819), 3(0.172819), 
117(422460): 2(0.064803), 3(0.064803), 
118(299435): 2(0.336553), 3(0.336553), 
119(413470): 2(0.104753), 3(0.104753), 
120(475222): 2(0.064663), 3(0.064663), 
121(461608): 2(0.129937), 3(0.129937), 
122(249664): 6(0.060390), 
123(174968): 6(0.288315), 
124(458490): 6(0.246330), 
125(172768): 6(0.244060), 
126(184539): 
127(529212): 
128(375802): 
129(124471): 
130(536893): 
131(457568): 
132(479581): 2(0.064033), 3(0.064033), 
133(331713): 2(0.050836), 3(0.050836), 
134(326662): 2(0.182750), 3(0.182750), 
135(330925): 2(0.103182), 3(0.103182), 
136(248346): 2(0.116318), 3(0.116318), 
137(129038): 2(0.169376), 3(0.169376), 
138(60354): 2(0.054078), 3(0.054078), 
139(78662): 2(0.718912), 3(0.718912), 
140(22622): 2(0.290611), 3(0.290611), 
141(399944): 2(0.807309), 3(0.807309), 
142(123758): 2(0.803562), 3(0.803562), 
143(485131): 6(0.100238), 
144(97742): 6(0.199698), 
145(285942): 6(0.227599), 
146(307405): 6(0.142141), 
147(143615): 6(0.059555), 
148(119384): 6(0.101329), 
149(458333): 6(0.103128), 
150(291115): 6(0.292898), 
151(240218): 6(0.229952), 
152(21716): 6(0.609488), 
153(127043): 6(0.186112), 
154(6790): 6(0.102756), 
155(509640): 6(0.496592), 
156(239125): 6(0.207466), 
157(112067): 6(0.296062), 
158(528852): 6(0.185011), 
159(75824): 6(0.229772), 
160(535941): 
161(533949): 2(0.375989), 3(0.375989), 
162(144011): 
163(81531): 2(0.076619), 3(0.076619), 
164(288323): 2(0.128156), 3(0.128156), 
165(154057): 2(0.115830), 3(0.115830), 
166(56592): 1(0.060627), 2(0.129115), 3(0.129115), 
167(249695): 2(0.051078), 3(0.051078), 
168(531651): 2(0.051628), 3(0.051628), 
169(329901): 2(0.090205), 3(0.090205), 
170(81387): 1(0.132183), 
171(228712): 1(0.088212), 
172(251197): 1(0.086922), 
173(271485): 1(0.196351), 
174(90284): 1(0.269005), 
175(475333): 1(0.088425), 
176(524028): 1(0.088725), 
177(390108): 1(0.088556), 
178(409904): 1(0.087517), 
179(493989): 1(0.087588), 
180(198685): 1(0.315812), 
181(150815): 1(0.110684), 
182(32109): 1(0.110999), 
183(302168): 1(0.088304), 
184(405102): 1(0.086964), 
185(223945): 1(0.066254), 
186(332652): 1(0.410652), 
187(471563): 1(0.220669), 
188(522910): 1(0.155687), 
189(64878): 
190(193896): 2(0.293441), 3(0.293441), 
191(94703): 2(0.320403), 3(0.320403), 
192(396729): 0(0.058238), 
193(75863): 0(2.223204), 
194(78057): 0(0.626703), 
195(494858): 
196(272358): 
197(203522): 
198(99185): 
199(153607): 6(0.101511), 
200(246028): 6(0.232216), 
201(43347): 6(0.182673), 
202(208274): 6(0.248128), 
203(5964): 6(0.184318), 
204(196435): 6(0.101215), 
205(308479): 
206(29543): 2(0.459022), 3(0.459022), 
207(44468): 2(0.152209), 3(0.152209), 
208(449223): 2(0.343083), 3(0.343083), 
209(510763): 
210(211367): 
211(170662): 
212(824): 1(0.219696), 
213(108323): 
214(220954): 1(0.454143), 
215(185287): 1(0.290984), 
216(377462): 
217(173770): 1(0.152231), 
218(640): 1(0.087337), 
219(280129): 
220(281840): 1(0.064709), 
221(458345): 1(0.315283), 
222(29284): 1(0.222329), 
223(379793): 
224(84928): 
225(312228): 
226(40670): 
227(536762): 
228(230625): 
229(324345): 
230(253284): 
231(219841): 
232(348115): 6(0.143364), 
233(324000): 6(0.100882), 
234(470325): 6(0.164040), 
235(206773): 6(0.309958), 
236(382137): 6(0.101526), 
237(455432): 6(0.142890), 
238(441912): 6(0.248852), 
239(298212): 6(0.182174), 
240(16253): 
241(27877): 
242(264303): 
243(380681): 
244(144958): 
245(404609): 
246(344721): 
247(248622): 1(0.066436), 
248(542168): 1(0.290960), 
249(244639): 1(0.500474), 
250(284836): 1(0.407648), 
251(501066): 2(0.067651), 3(0.067651), 
252(199119): 2(0.214807), 3(0.214807), 
253(527951): 2(0.358161), 3(0.358161), 
254(53493): 2(0.824292), 3(0.824292), 
255(376880): 
256(525344): 
257(470625): 
258(392150): 
259(462049): 
260(29246): 
261(368196): 
262(282923): 
263(107714): 
264(46): 
265(279372): 
266(352910): 
267(331025): 
268(443412): 
269(440556): 
270(539135): 2(0.050205), 3(0.050205), 
271(464836): 2(0.090568), 3(0.090568), 
272(58483): 2(0.089046), 3(0.089046), 
273(431658): 
274(516487): 
275(503680): 
276(304499): 2(0.062532), 3(0.062532), 
277(477066): 2(0.050230), 3(0.050230), 
278(107570): 2(0.062488), 3(0.062488), 
279(251480): 2(0.075010), 3(0.075010), 
280(289291): 2(0.062507), 3(0.062507), 
281(62684): 2(0.062487), 3(0.062487), 
282(297389): 0(0.078213), 
283(220727): 0(0.480274), 
284(364959): 
285(273989): 6(0.220740), 
286(227230): 0(0.077025), 
287(350975): 0(0.232744), 
288(323770): 0(0.232921), 
289(253882): 1(0.081068), 
290(259543): 2(0.063692), 3(0.063692), 
291(386296): 2(0.103384), 3(0.103384), 
292(28469): 
293(372830): 
294(162255): 6(0.401994), 
295(475129): 6(0.103810), 
296(505662): 6(0.359753), 
297(332347): 6(0.183463), 
298(397608): 6(0.103732), 
299(85817): 6(0.103701), 
300(493005): 6(0.103456), 
301(4826): 
302(26317): 
303(278909): 6(0.273394), 
304(195087): 6(0.103764), 
305(113258): 6(0.081924), 
306(234870): 6(0.103672), 
307(36376): 6(0.490747), 
308(352895): 6(0.103689), 
309(14090): 6(0.103732), 
310(302070): 6(0.338424), 
311(277629): 6(0.338139), 
312(373707): 6(0.103557), 
313(244266): 6(0.077575), 
314(152928): 
315(231570): 
316(470114): 2(0.075469), 3(0.075469), 
317(474177): 
318(6644): 
319(534343): 
320(499326): 
321(284539): 
322(535120): 1(0.086818), 
323(76170): 1(0.220843), 
324(266301): 1(0.105842), 
325(429889): 1(0.152391), 
326(445860): 1(0.427103), 
327(285821): 
328(489134): 2(0.071973), 3(0.071973), 
329(65503): 
330(418046): 
331(229173): 
332(455035): 
333(533547): 
334(139490): 
335(46117): 1(0.206224), 6(0.306728), 
336(8036): 6(0.059579), 
337(421279): 6(0.099485), 
338(122994): 
339(108827): 1(0.089473), 
340(53089): 6(0.058557), 
341(517178): 6(0.205037), 
342(368740): 1(0.063406), 
343(158452): 6(0.076496), 
344(345849): 
345(92120): 1(0.127098), 
346(177505): 6(0.058112), 
347(487277): 
348(66563): 1(0.053956), 
349(541993): 1(0.061539), 
350(346751): 1(0.943546), 
351(447461): 
352(392670): 1(0.087189), 
353(186231): 
354(289547): 6(0.060353), 
355(41924): 
356(201170): 6(0.072875), 
357(312091): 1(0.085873), 
358(368850): 
359(91621): 1(0.357207), 
360(368488): 6(0.099528), 
361(270591): 1(0.176939), 
362(522428): 1(0.222145), 
363(213022): 1(0.109229), 
364(338053): 1(0.267934), 
365(540364): 1(0.109312), 
366(377548): 1(0.154241), 
367(87694): 1(0.109316), 
368(261886): 1(0.245997), 
369(235471): 1(0.176757), 
370(372094): 0(0.164513), 
371(308068): 0(0.073040), 
372(464625): 0(0.145427), 
373(275733): 0(0.184445), 
374(409084): 
375(72861): 0(0.143830), 
376(254117): 0(0.090267), 
377(269430): 0(0.144421), 
378(252845): 0(0.109249), 
379(409165): 
380(434838): 6(0.103357), 
381(467227): 
382(363120): 6(0.103443), 
383(321953): 6(0.103411), 
384(339866): 
385(412213): 1(0.455504), 
386(2040): 2(0.050907), 3(0.050907), 
387(52668): 2(0.129571), 3(0.129571), 
388(291742): 2(0.089234), 3(0.089234), 
389(85893): 2(0.076258), 3(0.076258), 
390(412514): 2(0.155967), 3(0.155967), 
391(350514): 
392(259228): 
393(324599): 
394(324314): 
395(257779): 
396(298605): 2(0.074041), 3(0.074041), 
397(157663): 
398(235975): 2(0.131113), 3(0.131113), 
399(88805): 2(0.183852), 3(0.183852), 
400(382649): 2(0.063899), 3(0.063899), 
401(231232): 2(0.064482), 3(0.064482), 
402(66860): 
403(389845): 2(0.103782), 3(0.103782), 
404(136262): 2(0.155960), 3(0.155960), 
405(453583): 2(0.115698), 3(0.115698), 
406(80143): 
407(466376): 2(0.063476), 3(0.063476), 
408(468591): 2(0.224608), 3(0.224608), 
409(220185): 2(0.184398), 3(0.184398), 
410(40758): 
411(522500): 2(0.237812), 3(0.237812), 
412(124351): 
413(33492): 
414(430451): 
415(33345): 
416(521772): 
417(65513): 
418(98112): 
419(141157): 
420(495620): 
421(292574): 
422(21297): 
423(523114): 
424(29642): 
425(19161): 
426(318101): 
427(274015): 
428(459378): 6(0.200631), 
429(345710): 0(0.077865), 
430(251356): 0(0.355305), 
431(473049): 0(0.626149), 
432(426964): 2(0.065243), 3(0.065243), 
433(72909): 2(0.131497), 3(0.131497), 
434(370847): 2(0.130641), 3(0.130641), 
435(215555): 2(0.222314), 3(0.222314), 
436(534007): 6(0.104366), 
437(13965): 6(0.104267), 
438(480282): 6(0.339375), 
439(379874): 6(0.122483), 
440(118439): 6(0.080815), 
441(5990): 6(0.080634), 
442(87466): 6(0.318639), 
443(136695): 6(0.145663), 
444(14618): 6(0.166489), 
445(177380): 6(0.073976), 
446(109972): 
447(59811): 6(0.057411), 
448(498360): 
449(340288): 6(0.056128), 
450(334199): 
451(199547): 6(0.059443), 
452(445103): 6(0.204866), 
453(455725): 6(0.098664), 
454(161928): 6(0.222768), 
455(408604): 0(0.074148), 
456(190462): 0(0.222579), 
457(408422): 0(0.247517), 
458(245048): 0(0.283120), 
459(13000): 0(0.227613), 
460(9329): 
461(266433): 
462(483177): 
463(156236): 
464(260635): 
465(318381): 
466(38092): 
467(36082): 
468(131499): 
469(131880): 
470(290269): 0(0.092304), 
471(401006): 0(0.225564), 
472(7998): 0(0.319094), 
473(205165): 0(0.314086), 
474(414830): 0(0.184517), 
475(342965): 0(0.109766), 
476(524001): 
477(494622): 6(0.114367), 
478(539350): 6(0.045024), 
479(278241): 0(0.077924), 
480(75058): 
481(298248): 0(0.076058), 
482(139625): 0(0.168317), 
483(330708): 
484(211222): 
485(317673): 
486(33268): 
487(172786): 
488(126446): 
489(454847): 
490(61843): 
491(408907): 
492(529353): 
493(233912): 0(0.076844), 
494(45312): 0(0.076791), 
495(272445): 0(0.076868), 
496(429067): 0(0.077900), 
497(541872): 0(0.076891), 
498(368137): 0(0.076782), 
499(510460): 0(0.077902), 
500(443482): 0(0.077842), 
501(311670): 0(0.078000), 
502(387789): 0(0.077891), 
503(521063): 0(0.077878), 
504(102709): 0(0.076865), 
505(485143): 0(0.076796), 
506(498107): 0(0.077792), 
507(382713): 0(0.076744), 
508(321386): 0(0.076790), 
509(435740): 0(0.077870), 
510(431278): 0(0.076910), 
511(485465): 0(0.076911), 
512(69868): 0(0.076921), 
513(144096): 0(0.076826), 
514(397811): 0(0.076931), 
515(273977): 0(0.076866), 
516(112224): 0(0.076854), 
517(33026): 0(0.077976), 
518(493160): 0(0.077944), 
519(411757): 
520(182359): 
521(109891): 
522(152594): 
523(232913): 
524(460548): 
525(531808): 
526(163023): 
527(330122): 
528(14425): 0(0.093485), 
529(488943): 0(0.094053), 
530(520608): 0(0.247471), 
531(356893): 0(0.073327), 
532(122338): 0(0.093887), 
533(407436): 0(0.093788), 
534(331200): 0(0.347566), 
535(1500): 0(0.094060), 
536(12177): 0(0.094051), 
537(368669): 0(0.324745), 
538(182085): 0(0.093857), 
539(517935): 
540(217123): 
541(200263): 1(0.084530), 
542(493529): 1(0.109960), 
543(277516): 
544(308582): 1(0.063827), 
545(328498): 1(0.063201), 
546(424292): 1(0.065184), 
547(60686): 
548(375358): 
549(439204): 1(0.106700), 
550(117357): 
551(98413): 6(0.100855), 
552(535412): 
553(354622): 1(0.087227), 
554(111906): 1(0.060437), 
555(62644): 1(0.059910), 
556(329771): 1(0.174439), 
557(431848): 
558(449268): 
559(127949): 1(0.065101), 
560(298601): 
561(287768): 
562(444440): 
563(402469): 1(0.109552), 
564(221585): 1(0.132005), 
565(357513): 
566(343917): 
567(132435): 1(0.110159), 
568(28431): 1(0.139265), 
569(346918): 
570(253526): 1(0.062661), 
571(275908): 
572(294469): 1(0.086766), 
573(478256): 0(0.076124), 
574(213777): 
575(341958): 
576(31172): 0(0.053348), 
577(325224): 
578(232385): 
579(195336): 2(0.067993), 3(0.067993), 
580(269385): 2(0.215872), 3(0.215872), 
581(114889): 
582(27847): 
583(413327): 6(0.055606), 
584(222211): 
585(441829): 6(0.115034), 
586(451385): 6(0.079518), 
587(129059): 
588(503401): 1(0.059632), 
589(13692): 1(0.082341), 
590(317384): 
591(43658): 
592(373276): 
593(220277): 
594(49480): 
595(375200): 
596(465561): 
597(298545): 
598(435528): 
599(451598): 
600(270704): 
601(125240): 
602(536165): 2(0.099995), 3(0.099995), 
603(415390): 
604(525904): 2(0.116453), 3(0.116453), 
605(152047): 6(0.093295), 
606(489170): 6(0.097363), 
607(281508): 
608(211236): 6(0.051477), 
609(372847): 
610(231335): 6(0.077907), 
611(216333): 
612(223549): 
613(47861): 
614(341756): 
615(171912): 
616(440019): 2(0.116487), 3(0.116487), 6(0.085302), 
617(488385): 2(0.063630), 3(0.063630), 
618(103004): 6(0.162025), 
619(322011): 
620(413968): 
621(151471): 1(0.051453), 
622(317095): 6(0.352920), 
623(153582): 
624(431152): 
625(372134): 
626(341144): 6(0.415463), 
627(325050): 
628(416634): 6(0.080567), 
629(28329): 6(0.184149), 
630(106626): 0(0.092153), 
631(161603): 0(0.186165), 
632(478625): 0(0.186142), 
633(10131): 0(0.186211), 
634(7750): 0(0.204424), 
635(213254): 0(0.223433), 
636(380072): 2(0.053836), 3(0.053836), 
637(487207): 0(0.398468), 
638(48099): 0(0.109803), 
639(539662): 0(0.148163), 
640(72700): 0(0.110006), 
641(468085): 0(0.186571), 
642(303834): 0(0.073349), 
643(145300): 0(0.147154), 
644(217502): 0(0.165884), 
645(275341): 0(0.102378), 
646(302406): 
647(422184): 
648(428646): 0(0.107878), 
649(371958): 
650(260445): 
651(318176): 0(0.051839), 
652(83293): 6(0.080591), 
653(291868): 6(0.160680), 
654(382987): 6(0.310144), 
655(359075): 6(0.330518), 
656(486478): 6(0.080452), 
657(86695): 
658(112068): 
659(213243): 
660(433468): 
661(254634): 
662(434151): 
663(20674): 2(0.053993), 3(0.053993), 
664(469693): 2(0.053897), 3(0.053897), 
665(310665): 
666(58349): 2(0.053593), 3(0.053593), 
667(256003): 2(0.053566), 3(0.053566), 
668(40417): 2(0.067082), 3(0.067082), 
669(192949): 2(0.067083), 3(0.067083), 
670(223134): 2(0.068004), 3(0.068004), 
671(446206): 
672(250541): 
673(115582): 2(0.053716), 3(0.053716), 
674(32936): 2(0.053724), 3(0.053724), 
675(406601): 2(0.053825), 3(0.053825), 
676(253319): 2(0.053899), 3(0.053899), 
677(528026): 
678(173881): 2(0.053907), 3(0.053907), 
679(394445): 
680(57773): 2(0.053702), 3(0.053702), 
681(469066): 2(0.053517), 3(0.053517), 
682(243645): 
683(224172): 2(0.067049), 3(0.067049), 
684(201191): 2(0.068045), 3(0.068045), 
685(461709): 2(0.053631), 3(0.053631), 
686(35059): 2(0.053812), 3(0.053812), 
687(89358): 2(0.067041), 3(0.067041), 
688(200475): 
689(131195): 2(0.120988), 3(0.120988), 
690(198828): 
691(266641): 2(0.053832), 3(0.053832), 
692(260326): 2(0.068205), 3(0.068205), 
693(224510): 
694(416425): 2(0.067109), 3(0.067109), 
695(544423): 
696(355947): 
697(82937): 
698(424234): 
699(126322): 
700(22881): 
701(284401): 2(0.052594), 3(0.052594), 
702(458032): 2(0.053834), 3(0.053834), 
703(287459): 0(0.076375), 
704(329298): 0(0.092312), 
705(487511): 0(0.303973), 
706(69248): 0(0.077251), 
707(198780): 0(0.076165), 
708(156068): 0(0.077224), 
709(181264): 0(0.077129), 
710(329067): 0(0.076061), 
711(89104): 0(0.077107), 
712(402235): 0(0.187434), 
713(287707): 0(0.076244), 
714(353243): 0(0.076211), 
715(194866): 0(0.076059), 
716(335642): 0(0.077242), 
717(14544): 0(0.076259), 
718(61739): 0(0.245393), 
719(78344): 0(0.075828), 
720(476535): 0(0.076147), 
721(33697): 
722(298528): 
723(13145): 
724(530087): 
725(462039): 6(0.080469), 
726(280601): 6(0.058979), 
727(264997): 
728(237735): 1(0.072991), 
729(418877): 
730(521160): 2(0.101074), 3(0.101074), 
731(207881): 2(0.103407), 3(0.103407), 
732(407473): 2(0.089980), 3(0.089980), 
733(42957): 2(0.076994), 3(0.076994), 
734(455888): 
735(62605): 2(0.063827), 3(0.063827), 
736(268722): 2(0.114213), 3(0.114213), 
737(369468): 
738(166679): 2(0.090012), 3(0.090012), 
739(94830): 2(0.058086), 3(0.058086), 
740(415523): 2(0.076214), 3(0.076214), 
741(386578): 2(0.076086), 3(0.076086), 
742(260248): 6(0.045010), 
743(132618): 2(0.062607), 3(0.062607), 
744(108039): 2(0.076023), 3(0.076023), 
745(422477): 6(0.182008), 
746(367978): 
747(234051): 0(0.050370), 
748(222314): 0(0.167652), 
749(61387): 0(0.222134), 
750(252583): 0(0.200794), 
751(475326): 0(0.072250), 
752(134007): 0(0.148142), 
753(200373): 0(0.148463), 
754(79738): 0(0.164989), 
755(225020): 0(0.163568), 
756(277998): 0(0.281291), 
757(64219): 0(0.072003), 
758(129459): 1(0.262550), 
759(8430): 
760(447733): 1(0.108421), 
761(339729): 1(0.086862), 
762(135113): 1(0.064951), 
763(543319): 
764(396014): 1(0.061844), 
765(515623): 1(0.262882), 
766(454821): 1(0.146880), 6(0.080551), 
767(538231): 1(0.063508), 
768(459730): 1(0.083922), 
769(123979): 1(0.086863), 
770(357194): 
771(509496): 0(0.054849), 
772(357191): 
773(30521): 0(0.092517), 
774(269552): 0(0.239752), 
775(220079): 0(0.187197), 
776(489696): 0(0.206294), 
777(495720): 1(0.265613), 
778(377668): 1(0.241523), 
779(530759): 1(0.132191), 
780(428210): 1(0.107926), 
781(470853): 1(0.108079), 
782(491537): 1(0.064686), 
783(63265): 1(0.086406), 
784(314965): 1(0.062743), 
785(446926): 1(0.151795), 
786(124504): 1(0.063162), 
787(94649): 1(0.063876), 
788(88076): 1(0.086458), 
789(420472): 1(0.196401), 
790(216791): 
791(339240): 
792(250795): 
793(268519): 
794(232712): 
795(447354): 
796(443356): 
797(412779): 6(0.069126), 
798(13948): 
799(2517): 
800(301181): 
801(226965): 
802(279708): 
803(419721): 
804(149744): 
805(118905): 
806(282410): 
807(2801): 
808(328447): 
809(328021): 
810(15834): 6(0.181371), 
811(528775): 6(0.080764), 
812(195814): 6(0.059823), 
813(55736): 6(0.081870), 
814(435419): 6(0.060365), 
815(153517): 6(0.140012), 
816(56290): 6(0.079988), 
817(503558): 6(0.080995), 
818(531469): 6(0.060545), 
819(299851): 6(0.144108), 
820(439840): 
821(34807): 6(0.080599), 
822(433664): 6(0.056805), 
823(457335): 6(0.207176), 
824(109955): 6(0.067753), 
825(72630): 0(0.246265), 
826(406552): 0(0.129311), 
827(395793): 0(0.092547), 
828(537690): 0(0.223380), 
829(109281): 0(0.246518), 
830(393522): 0(0.092017), 
831(369589): 0(0.246226), 
832(207353): 0(0.091805), 
833(63756): 0(0.092459), 
834(119271): 0(0.091923), 
835(311788): 0(0.092429), 
836(140630): 0(0.149068), 
837(115536): 0(0.129277), 
838(31122): 
839(504790): 
840(419777): 
841(290628): 0(0.186379), 
842(511172): 0(0.146767), 
843(22322): 0(0.092252), 
844(338580): 6(0.205702), 
845(237078): 6(0.102849), 
846(161453): 6(0.103002), 
847(527251): 6(0.081943), 
848(388654): 6(0.165279), 
849(477155): 6(0.497600), 
850(239637): 6(0.209718), 
851(95308): 
852(120296): 
853(118408): 
854(134894): 
855(58522): 
856(224211): 
857(525237): 
858(430559): 
859(522555): 1(0.103900), 
860(133115): 1(0.085033), 
861(99505): 1(0.103733), 
862(126694): 1(0.061772), 
863(502972): 
864(264885): 
865(66612): 1(0.063103), 
866(224992): 1(0.085397), 
867(195658): 1(0.107108), 
868(66340): 0(0.068813), 
869(154698): 
870(18151): 0(0.182430), 
871(366398): 
872(168056): 0(0.091340), 
873(530292): 
874(393489): 
875(507518): 
876(159430): 6(0.103102), 
877(385631): 6(0.272466), 
878(454017): 6(0.315985), 
879(97377): 6(0.272814), 
880(257882): 6(0.292836), 
881(160439): 6(0.359861), 
882(361705): 
883(361707): 1(0.086137), 
884(299831): 2(0.090302), 3(0.090302), 
885(396815): 2(0.052387), 3(0.052387), 
886(314511): 2(0.065023), 3(0.065023), 
887(542670): 2(0.211978), 3(0.211978), 
888(374904): 2(0.052160), 3(0.052160), 
889(104166): 2(0.306098), 3(0.306098), 
890(62960): 
891(122211): 
892(335193): 6(0.120992), 
893(480585): 6(0.120480), 
894(476575): 6(0.079882), 
895(311238): 6(0.100010), 
896(358285): 6(0.182755), 
897(62212): 6(0.119469), 
898(283926): 6(0.120497), 
899(345173): 6(0.079865), 
900(321070): 6(0.180663), 
901(459353): 6(0.079255), 
902(117486): 6(0.159661), 
903(186430): 1(0.130883), 
904(428880): 1(0.192664), 
905(227516): 1(0.130734), 
906(536290): 1(0.130815), 
907(498315): 1(0.201991), 
908(173813): 1(0.130693), 
909(477160): 1(0.130615), 
910(503434): 
911(110631): 6(0.058003), 
912(468893): 6(0.118173), 
913(514855): 6(0.077532), 
914(226554): 6(0.119629), 
915(151898): 6(0.098489), 
916(226260): 6(0.204907), 
917(209946): 6(0.052280), 
918(146119): 6(0.099862), 
919(127307): 
920(203231): 6(0.205139), 
921(512678): 1(0.361310), 
922(477829): 6(0.058239), 
923(214249): 6(0.120434), 
924(239253): 6(0.141890), 
925(192358): 6(0.078117), 
926(80554): 
927(204181): 
928(333870): 
929(376678): 
930(276631): 
931(194766): 
932(213415): 
933(304833): 
934(481656): 
935(312705): 1(0.084077), 
936(62721): 1(0.061823), 
937(74593): 1(0.083994), 
938(405445): 2(0.052414), 3(0.052414), 
939(240768): 2(0.129562), 3(0.129562), 
940(46496): 
941(530683): 2(0.065004), 3(0.065004), 
942(440523): 2(0.065018), 3(0.065018), 
943(498816): 2(0.051657), 3(0.051657), 
944(393414): 2(0.051193), 3(0.051193), 
945(372465): 2(0.143200), 3(0.143200), 
946(350864): 2(0.050424), 3(0.050424), 
947(251832): 2(0.090738), 3(0.090738), 
948(337375): 2(0.062216), 3(0.062216), 
949(94819): 6(0.098893), 
950(172545): 0(0.053270), 
951(276020): 0(0.184433), 
952(52754): 0(0.089712), 
953(207136): 0(0.165847), 
954(86352): 6(0.078466), 
955(226283): 6(0.073001), 
956(169527): 6(0.072604), 
957(516405): 
958(438019): 
959(431045): 
960(462275): 
961(113286): 
962(159293): 
963(464363): 6(0.055057), 
964(136385): 6(0.132428), 
965(47046): 6(0.055062), 
966(255395): 
967(524027): 0(0.446663), 
968(136574): 0(0.206969), 
969(196827): 0(0.304071), 
970(190818): 2(0.090970), 3(0.090970), 
971(25966): 2(0.051370), 3(0.051370), 
972(472345): 2(0.064440), 3(0.064440), 
973(393187): 2(0.077639), 3(0.077639), 
974(71203): 2(0.117488), 3(0.117488), 
975(100375): 1(0.336562), 
976(528067): 1(0.088086), 
977(472639): 1(0.202749), 
978(102392): 1(0.110432), 
979(186298): 1(0.109439), 
980(217370): 1(0.109640), 
981(14887): 1(0.110401), 
982(504218): 
983(504718): 1(0.088345), 
984(206956): 1(0.088435), 
985(201846): 1(0.087484), 
986(328752): 1(0.314449), 
987(17424): 1(0.292853), 
988(195406): 1(0.088101), 
989(38134): 1(0.200247), 
990(104776): 1(0.338611), 
991(383906): 1(0.102992), 
992(435921): 1(0.085377), 
993(30584): 1(0.123539), 
994(486949): 
995(153389): 1(0.190064), 
996(398443): 0(0.186200), 
997(21516): 0(0.129691), 
998(121441): 0(0.092516), 
999(494252): 0(0.205806), 
1000(467195): 0(0.110173), 
1001(493324): 0(0.186934), 
1002(528829): 0(0.110114), 
1003(412282): 0(0.167221), 
1004(409123): 0(0.091721), 
1005(526560): 0(0.129974), 
1006(81303): 0(0.129487), 
1007(527592): 
1008(410791): 
1009(241848): 6(0.080773), 
1010(64131): 6(0.201945), 
1011(196726): 6(0.164116), 
1012(46196): 6(0.184132), 
1013(100394): 1(0.108569), 
1014(256556): 2(0.064863), 3(0.064863), 
1015(154052): 2(0.065071), 3(0.065071), 
1016(331238): 2(0.064804), 3(0.064804), 
1017(52479): 2(0.064694), 3(0.064694), 
1018(246285): 2(0.090802), 3(0.090802), 
1019(406509): 2(0.118258), 3(0.118258), 
1020(199448): 2(0.117546), 3(0.117546), 
1021(522929): 2(0.145442), 3(0.145442), 
1022(422300): 6(0.056221), 
1023(365168): 6(0.100746), 
1024(407863): 6(0.267428), 
1025(390948): 6(0.079957), 
1026(407993): 6(0.163186), 
1027(277906): 0(0.073907), 
1028(401565): 0(0.186227), 
1029(264758): 0(0.167166), 
1030(208447): 0(0.167167), 
1031(376521): 1(0.059437), 
1032(268211): 2(0.115421), 3(0.115421), 
1033(19518): 
1034(460130): 1(0.063121), 
1035(162904): 
1036(42727): 
1037(269018): 2(0.077053), 3(0.077053), 
1038(116931): 
1039(323192): 
1040(3087): 2(0.140539), 3(0.140539), 
1041(183036): 2(0.050465), 3(0.050465), 
1042(135988): 6(0.081439), 
1043(154522): 6(0.060503), 
1044(514549): 6(0.060384), 
1045(431170): 6(0.206773), 
1046(61989): 
1047(492796): 6(0.081095), 
1048(444653): 6(0.060245), 
1049(256481): 6(0.060383), 
1050(378115): 6(0.182777), 
1051(449152): 
1052(388835): 
1053(387700): 
1054(423696): 
1055(26458): 
1056(480965): 1(0.132483), 
1057(446343): 
1058(505039): 1(0.178228), 
1059(524769): 6(0.058119), 
1060(258370): 6(0.116529), 
1061(437719): 
1062(106515): 
1063(103088): 
1064(259885): 
1065(439889): 
1066(124862): 
1067(43467): 
1068(114509): 0(0.265037), 
1069(198063): 
1070(394175): 
1071(360141): 
1072(200956): 
1073(248185): 
1074(441704): 6(0.075800), 
1075(253652): 
1076(474622): 6(0.050964), 
1077(397627): 
1078(375755): 
1079(150543): 6(0.079681), 
1080(221760): 6(0.101234), 
1081(290912): 6(0.142748), 
1082(109415): 6(0.100676), 
1083(354880): 
1084(63903): 
1085(309993): 0(0.055565), 
1086(471456): 0(0.418358), 
1087(319406): 0(0.261597), 
1088(396710): 
1089(431829): 
1090(479821): 6(0.070832), 
1091(492973): 6(0.135422), 
1092(509597): 2(0.049430), 3(0.049430), 
1093(348903): 
1094(103935): 
1095(190499): 
1096(57772): 
1097(177105): 
1098(29278): 
1099(128591): 
1100(361765): 1(0.062303), 
1101(323426): 
1102(75448): 
1103(306430): 
1104(150266): 
1105(241534): 
1106(314529): 
1107(364605): 
1108(485297): 
1109(248): 
1110(201746): 
1111(419053): 
1112(436875): 
1113(423217): 
1114(1212): 2(0.281092), 3(0.281092), 
1115(216202): 2(0.063040), 3(0.063040), 
1116(27388): 
1117(399514): 
1118(153491): 2(0.142141), 3(0.142141), 
1119(462464): 2(0.064953), 3(0.064953), 
1120(493507): 2(0.168828), 3(0.168828), 
1121(102083): 
1122(303562): 2(0.064396), 3(0.064396), 
1123(60937): 2(0.064749), 3(0.064749), 
1124(156611): 2(0.064497), 3(0.064497), 
1125(101631): 2(0.169443), 3(0.169443), 
1126(326990): 2(0.117512), 3(0.117512), 
1127(187180): 
1128(45101): 2(0.157612), 3(0.157612), 
1129(103133): 2(0.197914), 3(0.197914), 
1130(81349): 
1131(199595): 
1132(223022): 
1133(466539): 1(0.105312), 
1134(377436): 1(0.083367), 
1135(346491): 
1136(99958): 
1137(44135): 6(0.316339), 
1138(243476): 6(0.080729), 
1139(357695): 6(0.103169), 
1140(332457): 6(0.075932), 
1141(461374): 6(0.103268), 
1142(471318): 6(0.187082), 
1143(394218): 6(0.207124), 
1144(486721): 
1145(222352): 6(0.164356), 
1146(224900): 6(0.207501), 
1147(405455): 1(0.064356), 
1148(528363): 1(0.214054), 
1149(92358): 1(0.106633), 
1150(485099): 1(0.215020), 
1151(394274): 1(0.176754), 
1152(531578): 1(0.108577), 
1153(398323): 
1154(249735): 
1155(139838): 
1156(326820): 
1157(189717): 
1158(311929): 0(0.306245), 
1159(452941): 0(0.055396), 
1160(19625): 0(0.093458), 
1161(490490): 0(0.093115), 
1162(463477): 0(0.093106), 
1163(491715): 1(0.128647), 
1164(393915): 1(0.242673), 
1165(528766): 
1166(231334): 1(0.288344), 
1167(469630): 1(0.109580), 
1168(194425): 1(0.109320), 
1169(406477): 
1170(346811): 
1171(50784): 
1172(254220): 
1173(468181): 1(0.124330), 
1174(388969): 
1175(136152): 0(0.148346), 
1176(46253): 0(0.096620), 
1177(544371): 0(0.096608), 
1178(75468): 0(0.313990), 
1179(24132): 0(0.096618), 
1180(372686): 0(0.092226), 
1181(521016): 0(0.096618), 
1182(428955): 2(0.067645), 3(0.067645), 
1183(473272): 
1184(380051): 
1185(301215): 
1186(345528): 2(0.117136), 3(0.117136), 
1187(359466): 2(0.142852), 3(0.142852), 
1188(198172): 2(0.089740), 3(0.089740), 
1189(321951): 2(0.103577), 3(0.103577), 
1190(531753): 2(0.196399), 3(0.196399), 
1191(356182): 2(0.183825), 3(0.183825), 
1192(399876): 2(0.050884), 3(0.050884), 
1193(528956): 2(0.076975), 3(0.076975), 
1194(242628): 2(0.090119), 3(0.090119), 
1195(230862): 2(0.051388), 3(0.051388), 
1196(389851): 
1197(41433): 
1198(165585): 
1199(340732): 
1200(506633): 
1201(30960): 
1202(246033): 
1203(440504): 
1204(215912): 
1205(107419): 
1206(180583): 
1207(351039): 
1208(401732): 0(0.054169), 
1209(176613): 
1210(543347): 2(0.114042), 3(0.114042), 
1211(522170): 2(0.062251), 3(0.062251), 
1212(403869): 
1213(162593): 
1214(357024): 
1215(434611): 
1216(138501): 
1217(283793): 
1218(396297): 
1219(91655): 
1220(321351): 
1221(202685): 6(0.055261), 
1222(364339): 6(0.055291), 
1223(481682): 6(0.072647), 
1224(536008): 
1225(455268): 6(0.057976), 
1226(43482): 6(0.051271), 
1227(521499): 6(0.099666), 
1228(212967): 1(0.110046), 
1229(399799): 1(0.131316), 
1230(350481): 1(0.155259), 
1231(318472): 6(0.078132), 
1232(474351): 6(0.102052), 
1233(441859): 6(0.103771), 
1234(412103): 6(0.144277), 
1235(190136): 
1236(60656): 2(0.064578), 3(0.064578), 
1237(507369): 1(0.060429), 
1238(90677): 
1239(3365): 
1240(493057): 
1241(320516): 
1242(407393): 
1243(365852): 
1244(538675): 
1245(232017): 
1246(290922): 0(0.110507), 
1247(185435): 0(0.069963), 
1248(390180): 0(0.092175), 
1249(272960): 
1250(475147): 
1251(210647): 
1252(520187): 
1253(240816): 
1254(358983): 2(0.076882), 3(0.076882), 
1255(332868): 
1256(238388): 
1257(502774): 
1258(482340): 
1259(41708): 
1260(457675): 6(0.198880), 
1261(502352): 
1262(121511): 6(0.076359), 
1263(45183): 
1264(243087): 
1265(319631): 
1266(541245): 0(0.072171), 
1267(282212): 0(0.128265), 
1268(432157): 0(0.147050), 
1269(144800): 0(0.146766), 
1270(207132): 0(0.089052), 
1271(262476): 0(0.092029), 
1272(367789): 0(0.148834), 
1273(530068): 0(0.095616), 
1274(240997): 0(0.095598), 
1275(56144): 0(0.093436), 
1276(190681): 0(0.093488), 
1277(72472): 0(0.095670), 
1278(319603): 0(0.245019), 
1279(298349): 0(0.092319), 
1280(343614): 0(0.167324), 
1281(222031): 
1282(299025): 1(0.085356), 
1283(145394): 1(0.086607), 
1284(393702): 
1285(230853): 
1286(381561): 1(0.063806), 
1287(226521): 
1288(314606): 0(0.054575), 
1289(288141): 1(0.064655), 
1290(495158): 1(0.268757), 
1291(373911): 1(0.087649), 
1292(1250): 1(0.175302), 
1293(221228): 1(0.222942), 
1294(345770): 1(0.290108), 
1295(103586): 1(0.109176), 
1296(250246): 1(0.153505), 
1297(353365): 1(0.110184), 
1298(519527): 1(0.109624), 
1299(244150): 1(0.204982), 
1300(324907): 1(0.109996), 
1301(161930): 1(0.267935), 
1302(173333): 1(0.223596), 
1303(254655): 
1304(462348): 2(0.154856), 3(0.154856), 
1305(490847): 2(0.076459), 3(0.076459), 
1306(211101): 
1307(88733): 
1308(280899): 2(0.088370), 3(0.088370), 
1309(318352): 2(0.169757), 3(0.169757), 
1310(123155): 2(0.049868), 3(0.049868), 
1311(274107): 2(0.050863), 3(0.050863), 
1312(12580): 2(0.090629), 3(0.090629), 
1313(462021): 2(0.049706), 3(0.049706), 
1314(39297): 
1315(36169): 1(0.152544), 
1316(213609): 1(0.086013), 
1317(260559): 1(0.130654), 
1318(188821): 1(0.130405), 
1319(402729): 1(0.174842), 
1320(48825): 1(0.152285), 
1321(15676): 
1322(67423): 
1323(256182): 
1324(206281): 
1325(139847): 
1326(89601): 
1327(528101): 2(0.050443), 3(0.050443), 
1328(130722): 2(0.102684), 3(0.102684), 
1329(203259): 2(0.089527), 3(0.089527), 
1330(341428): 2(0.089816), 3(0.089816), 
1331(488085): 2(0.115196), 3(0.115196), 
1332(83288): 0(0.091980), 
1333(425314): 
1334(216406): 
1335(343052): 6(0.058105), 
1336(439613): 
1337(429225): 2(0.050481), 3(0.050481), 
1338(526151): 1(0.131801), 
1339(83450): 1(0.086983), 
1340(256164): 1(0.151451), 
1341(169369): 1(0.308997), 
1342(362549): 1(0.086909), 
1343(14274): 
1344(296984): 
1345(111351): 
1346(265961): 
1347(353397): 2(0.383563), 3(0.383563), 
1348(213868): 6(0.142582), 
1349(318663): 6(0.311184), 
1350(35289): 6(0.081056), 
1351(528620): 6(0.227025), 
1352(64520): 6(0.143172), 
1353(138480): 6(0.101614), 
1354(59968): 6(0.059808), 
1355(148443): 2(0.062837), 3(0.062837), 
1356(388229): 2(0.062842), 3(0.062842), 
1357(421805): 2(0.075963), 3(0.075963), 
1358(327789): 
1359(397927): 
1360(1023): 
1361(190757): 
1362(454841): 
1363(348456): 
1364(43527): 
1365(73696): 
1366(79014): 
1367(495985): 2(0.059599), 3(0.059599), 
1368(484543): 2(0.143078), 3(0.143078), 
1369(45058): 2(0.173625), 3(0.173625), 
1370(399490): 
1371(333405): 2(0.059799), 3(0.059799), 
1372(284541): 
1373(331698): 6(0.058654), 
1374(315260): 6(0.099395), 
1375(310706): 
1376(171536): 0(0.104655), 
1377(416814): 
1378(349799): 0(0.120854), 
1379(110996): 
1380(406640): 0(0.067912), 
1381(337685): 0(0.051365), 
1382(30333): 0(0.051366), 
1383(183096): 2(0.052526), 3(0.052526), 
1384(92415): 
1385(288724): 0(0.053609), 
1386(86069): 0(0.102014), 
1387(274289): 
1388(194563): 0(0.102408), 
1389(206338): 0(0.052457), 
1390(303388): 0(0.072082), 
1391(534631): 0(0.051790), 
1392(206256): 2(0.052421), 3(0.052421), 
1393(147424): 1(0.062700), 
1394(512086): 2(0.065361), 3(0.065361), 
1395(475056): 
1396(536279): 
1397(109240): 2(0.052182), 3(0.052182), 
1398(513143): 2(0.091139), 3(0.091139), 
1399(271703): 
1400(441442): 2(0.102177), 3(0.102177), 
1401(214495): 2(0.061064), 3(0.061064), 
1402(443543): 2(0.063677), 3(0.063677), 
1403(322012): 
1404(109187): 0(0.166313), 
1405(484565): 0(0.073511), 
1406(491965): 0(0.073445), 
1407(429435): 0(0.054564), 
1408(291914): 0(0.259270), 
1409(55679): 0(0.054555), 
1410(498689): 0(0.054535), 
1411(201077): 6(0.057976), 
1412(356808): 6(0.058449), 
1413(77386): 6(0.058452), 
1414(246876): 0(0.074246), 
1415(106379): 0(0.074238), 
1416(169278): 0(0.090494), 
1417(359239): 
1418(255440): 2(0.045919), 3(0.045919), 6(0.128547), 
1419(171629): 6(0.080862), 
1420(374644): 
1421(337851): 
1422(197274): 2(0.091568), 3(0.091568), 
1423(64663): 
1424(341771): 
1425(188406): 
1426(139311): 
1427(182762): 
1428(517948): 2(0.210101), 3(0.210101), 
1429(62541): 
1430(165924): 
1431(92021): 
1432(88555): 
1433(352007): 
1434(107068): 6(0.103565), 
1435(524375): 
1436(148079): 
1437(222573): 
1438(46663): 
1439(499637): 
1440(217965): 
1441(265679): 2(0.088829), 3(0.088829), 
1442(472030): 2(0.101755), 3(0.101755), 
1443(380931): 0(0.087809), 
1444(366341): 0(0.069774), 
1445(295625): 0(0.050902), 
1446(42405): 0(0.081327), 
1447(190678): 0(0.069453), 
1448(363273): 
1449(279761): 
1450(145914): 
1451(290861): 
1452(286921): 0(0.148467), 
1453(100933): 0(0.091901), 
1454(71153): 6(0.161113), 
1455(187827): 6(0.080807), 
1456(113829): 6(0.059832), 
1457(96101): 6(0.140283), 
1458(24447): 6(0.059091), 
1459(125073): 6(0.059707), 
1460(411319): 6(0.059975), 
1461(106669): 6(0.060039), 
1462(61617): 6(0.077695), 
1463(217696): 
1464(133904): 
1465(26594): 
1466(350642): 
1467(458612): 
1468(414043): 
1469(505253): 1(0.173546), 
1470(116768): 1(0.060365), 
1471(109070): 
1472(92138): 
1473(435530): 
1474(31798): 
1475(411667): 
1476(258456): 
1477(164668): 
1478(330216): 
1479(452442): 
1480(366884): 0(0.077390), 
1481(521011): 
1482(399606): 
1483(375640): 
1484(148960): 
1485(351604): 
1486(228561): 
1487(463824): 
1488(493012): 6(0.102582), 
1489(231612): 6(0.080966), 
1490(168865): 6(0.118605), 
1491(503711): 
1492(97383): 
1493(296850): 
1494(362020): 
1495(364759): 
1496(205402): 0(0.282620), 
1497(124220): 0(0.186514), 
1498(177599): 6(0.060103), 
1499(273848): 6(0.223745), 
1500(115952): 
1501(396870): 1(0.108442), 
1502(13162): 
1503(67532): 
1504(447937): 
1505(464400): 
1506(157827): 6(0.055570), 
1507(361514): 6(0.059431), 
1508(310998): 6(0.225054), 
1509(213736): 2(0.064027), 3(0.064027), 
1510(287808): 2(0.064239), 3(0.064239), 
1511(334991): 2(0.064604), 3(0.064604), 
1512(538396): 2(0.090405), 3(0.090405), 
1513(346114): 2(0.064482), 3(0.064482), 
1514(284423): 2(0.064983), 3(0.064983), 
1515(227157): 1(0.108452), 
1516(249905): 1(0.154072), 
1517(16019): 1(0.130772), 
1518(509734): 1(0.130198), 
1519(21232): 1(0.107999), 
1520(279000): 1(0.177544), 
1521(66620): 1(0.130091), 
1522(121794): 1(0.108087), 
1523(213358): 
1524(536363): 
1525(504508): 
1526(416385): 1(0.238337), 
1527(281251): 1(0.109430), 
1528(341229): 1(0.109149), 
1529(541076): 
1530(510032): 
1531(527646): 
1532(74457): 2(0.076464), 3(0.076464), 
1533(525883): 2(0.073196), 3(0.073196), 
1534(90155): 
1535(445587): 2(0.102874), 3(0.102874), 
1536(372857): 2(0.050900), 3(0.050900), 
1537(2194): 1(0.109930), 
1538(334631): 
1539(130837): 
1540(411528): 
1541(163383): 
1542(61109): 
1543(246259): 
1544(525983): 
1545(197184): 
1546(241511): 
1547(45734): 
1548(342435): 
1549(383399): 
1550(428038): 
1551(213239): 
1552(515453): 
1553(489432): 6(0.099863), 
1554(294629): 6(0.120166), 
1555(523458): 6(0.140766), 
1556(478589): 6(0.140875), 
1557(152753): 6(0.097915), 
1558(315701): 6(0.078756), 
1559(393559): 6(0.122973), 
1560(112069): 6(0.165691), 
1561(434739): 6(0.058825), 
1562(431347): 6(0.164575), 
1563(280410): 
1564(90431): 0(0.129450), 
1565(125000): 0(0.091418), 
1566(200566): 0(0.071154), 
1567(238729): 0(0.128299), 
1568(424386): 0(0.090183), 
1569(152440): 6(0.102762), 
1570(298578): 0(0.098215), 
1571(184727): 
1572(131251): 0(0.092142), 
1573(445995): 0(0.110545), 
1574(489662): 0(0.092131), 
1575(301224): 6(0.059776), 
1576(331818): 6(0.224124), 
1577(342049): 
1578(151850): 
1579(522991): 
1580(125660): 2(0.059120), 3(0.059120), 
1581(402891): 
1582(400383): 
1583(436091): 
1584(77040): 
1585(300054): 0(0.070915), 
1586(381868): 0(0.055367), 
1587(305792): 0(0.133174), 
1588(336314): 6(0.099319), 
1589(344532): 6(0.078211), 
1590(501851): 6(0.078142), 
1591(515012): 6(0.078058), 
1592(458260): 0(0.073381), 
1593(395279): 0(0.187042), 
1594(506788): 1(0.130374), 
1595(209094): 1(0.083022), 
1596(234106): 
1597(278949): 1(0.083083), 
1598(218403): 1(0.084862), 
1599(51736): 1(0.151072), 
1600(310310): 
1601(6488): 6(0.059624), 
1602(50328): 
1603(530545): 
1604(506622): 
1605(47719): 1(0.064808), 
1606(133060): 1(0.064930), 
1607(478525): 2(0.062074), 3(0.062074), 
1608(231512): 2(0.048791), 3(0.048791), 
1609(509201): 2(0.075134), 3(0.075134), 
1610(316730): 2(0.049614), 3(0.049614), 
1611(52457): 2(0.087502), 3(0.087502), 
1612(242531): 
1613(90067): 
1614(411737): 
1615(279687): 
1616(289001): 1(0.082265), 
1617(88316): 
1618(530690): 1(0.082118), 
1619(128567): 
1620(226741): 1(0.087353), 
1621(230746): 
1622(290594): 0(0.149060), 
1623(330802): 1(0.081202), 
1624(310124): 1(0.055108), 
1625(11656): 1(0.058203), 
1626(338128): 
1627(473269): 0(0.078156), 
1628(506025): 0(0.071990), 
1629(158901): 
1630(470649): 0(0.055151), 
1631(416697): 0(0.092414), 
1632(461270): 6(0.104167), 
1633(36825): 0(0.092024), 
1634(474278): 0(0.077150), 
1635(364153): 
1636(121800): 
1637(340977): 
1638(33939): 
1639(519219): 
1640(309055): 
1641(196653): 
1642(191846): 
1643(534755): 
1644(367592): 
1645(346151): 1(0.130364), 
1646(459382): 1(0.130373), 
1647(505511): 1(0.130158), 
1648(362983): 1(0.085936), 
1649(74319): 1(0.129397), 
1650(528139): 1(0.108377), 
1651(40890): 
1652(521454): 
1653(364744): 
1654(478324): 2(0.102823), 3(0.102823), 
1655(12936): 2(0.129162), 3(0.129162), 
1656(299418): 2(0.129530), 3(0.129530), 
1657(527027): 
1658(158298): 
1659(411513): 2(0.077375), 3(0.077375), 
1660(448399): 2(0.116145), 3(0.116145), 
1661(18427): 
1662(429785): 2(0.089914), 3(0.089914), 
1663(55218): 2(0.050925), 3(0.050925), 
1664(51509): 2(0.050190), 3(0.050190), 
1665(402358): 1(0.109747), 
1666(58094): 1(0.154854), 
1667(331590): 
1668(526090): 
1669(290324): 
1670(131061): 
1671(404494): 
1672(393447): 
1673(110029): 
1674(251915): 
1675(369501): 
1676(84592): 
1677(222033): 
1678(505904): 
1679(246286): 
1680(294519): 
1681(60613): 
1682(440707): 6(0.059110), 
1683(186748): 6(0.060377), 
1684(538214): 6(0.060084), 
1685(510378): 6(0.079812), 
1686(113332): 
1687(211687): 
1688(423615): 
1689(496411): 1(0.088259), 
1690(125238): 1(0.110266), 
1691(178684): 1(0.154734), 
1692(102774): 
1693(57904): 
1694(450066): 
1695(456085): 1(0.128542), 
1696(221577): 1(0.084226), 
1697(523198): 1(0.084783), 
1698(128999): 1(0.084938), 
1699(13169): 1(0.106374), 
1700(345163): 1(0.128344), 
1701(522815): 1(0.063590), 
1702(528972): 1(0.063816), 
1703(15606): 
1704(324117): 
1705(208529): 
1706(45838): 
1707(281386): 6(0.102227), 
1708(530606): 6(0.145396), 
1709(255529): 1(0.153862), 
1710(381236): 6(0.182819), 
1711(13791): 6(0.075714), 
1712(105841): 
1713(288434): 6(0.060349), 
1714(160297): 
1715(542082): 6(0.162398), 
1716(41783): 
1717(441851): 
1718(197742): 6(0.100941), 
1719(195097): 6(0.052820), 
1720(301826): 6(0.140386), 
1721(399891): 6(0.142728), 
1722(438888): 
1723(406327): 
1724(31306): 6(0.142246), 
1725(158592): 6(0.101322), 
1726(316073): 
1727(104603): 
1728(178274): 
1729(491069): 
1730(510013): 
1731(108640): 
1732(167159): 0(0.091727), 
1733(280074): 
1734(203110): 
1735(259082): 
1736(226331): 
1737(209822): 
1738(118948): 
1739(455700): 
1740(482725): 
1741(388471): 
1742(72097): 0(0.048338), 
1743(186249): 0(0.050805), 
1744(442248): 0(0.050787), 
1745(539987): 0(0.048334), 
1746(457915): 
1747(382445): 
1748(406338): 
1749(386562): 
1750(166202): 
1751(487013): 
1752(496108): 0(0.050796), 
1753(191789): 
1754(482869): 
1755(129898): 
1756(365512): 
1757(204842): 
1758(511516): 
1759(67301): 
1760(193153): 0(0.072598), 
1761(109469): 
1762(490900): 
1763(232097): 
1764(260790): 6(0.101519), 
1765(516315): 
1766(359827): 
1767(258922): 1(0.062668), 
1768(452930): 0(0.091802), 
1769(327499): 0(0.092025), 
1770(264290): 
1771(332792): 6(0.078288), 
1772(328886): 6(0.077419), 
1773(347284): 1(0.109927), 
1774(235935): 1(0.086725), 
1775(366208): 1(0.064586), 
1776(417634): 1(0.059038), 
1777(2972): 
1778(419886): 1(0.080182), 
1779(452699): 1(0.054697), 
1780(51744): 6(0.098581), 
1781(67412): 1(0.064606), 
1782(116840): 1(0.130456), 
1783(199841): 1(0.195835), 
1784(330338): 
1785(4138): 
1786(53278): 
1787(91997): 2(0.059379), 3(0.059379), 
1788(307003): 2(0.048884), 3(0.048884), 
1789(190130): 
1790(238136): 
1791(213162): 6(0.058461), 
1792(137799): 6(0.058505), 
1793(493672): 
1794(14830): 
1795(230709): 
1796(393053): 
1797(291576): 
1798(404117): 
1799(223394): 
1800(416784): 
1801(498668): 
1802(179747): 
1803(187973): 
1804(194979): 
1805(226851): 
1806(13499): 0(0.164521), 
1807(28723): 6(0.124919), 
1808(522238): 
1809(140812): 
1810(321666): 
1811(381099): 
1812(356177): 
1813(372729): 
1814(219610): 
1815(3811): 
1816(298026): 1(0.089380), 
1817(108475): 
1818(296478): 
1819(454523): 6(0.077345), 
1820(319215): 
1821(309242): 
1822(537146): 
1823(385244): 
1824(504570): 
1825(137369): 1(0.087852), 
1826(21430): 1(0.087661), 
1827(325436): 1(0.064370), 
1828(386327): 1(0.088029), 
1829(109785): 1(0.087574), 
1830(534332): 1(0.064099), 
1831(469207): 
1832(125682): 1(0.059612), 
1833(397536): 
1834(286861): 
1835(431547): 
1836(344351): 
1837(493783): 
1838(479635): 
1839(361588): 
1840(315096): 
1841(186327): 
1842(87881): 
1843(440118): 
1844(197953): 
1845(365760): 
1846(21916): 
1847(515894): 
1848(190685): 
1849(413616): 
1850(14743): 
1851(274931): 
1852(320706): 
1853(82305): 
1854(472369): 
1855(334276): 
1856(464952): 
1857(480597): 
1858(287056): 2(0.065677), 3(0.065677), 
1859(428611): 2(0.065246), 3(0.065246), 
1860(412219): 
1861(257264): 
1862(473282): 0(0.057160), 
1863(302339): 0(0.092831), 
1864(135149): 0(0.078212), 
1865(263614): 0(0.078202), 
1866(83509): 0(0.078165), 
1867(6248): 0(0.093537), 
1868(29074): 0(0.078257), 
1869(484037): 0(0.078195), 
1870(491445): 0(0.095766), 
1871(347358): 0(0.078205), 
1872(389402): 
1873(139169): 
1874(259379): 
1875(310687): 2(0.051673), 3(0.051673), 
1876(127100): 
1877(482944): 
1878(519036): 
1879(394002): 
1880(189492): 
1881(242667): 
1882(187354): 
1883(368269): 6(0.080761), 
1884(272582): 6(0.101693), 
1885(391238): 6(0.080706), 
1886(511001): 6(0.076965), 
1887(263587): 0(0.073780), 
1888(456361): 0(0.075653), 
1889(145899): 
1890(470546): 0(0.077248), 
1891(41995): 1(0.133403), 
1892(299828): 
1893(238708): 
1894(527812): 
1895(460126): 
1896(314994): 
1897(78114): 
1898(397090): 
1899(468719): 
1900(190872): 
1901(524283): 
1902(118014): 
1903(97698): 
1904(190418): 
1905(482957): 
1906(326337): 
1907(509664): 
1908(405299): 
1909(69217): 2(0.051135), 3(0.051135), 
1910(172340): 
1911(380835): 
1912(315608): 
1913(64286): 0(0.058234), 
1914(477447): 0(0.058232), 
1915(20423): 
1916(523748): 
1917(525916): 
1918(376767): 0(0.094395), 
1919(505141): 0(0.058228), 
1920(115223): 
1921(365558): 0(0.058233), 
1922(298439): 0(0.058218), 
1923(38003): 
1924(122275): 
1925(13118): 
1926(452969): 
1927(366458): 0(0.058232), 
1928(294452): 0(0.058226), 
1929(136697): 0(0.153814), 
1930(414038): 
1931(221174): 0(0.058230), 
1932(494550): 
1933(8504): 
1934(521818): 
1935(72965): 
1936(308676): 2(0.050564), 3(0.050564), 
1937(113950): 
1938(295218): 
1939(286574): 
1940(207653): 
1941(61542): 0(0.054355), 
1942(269990): 0(0.054850), 
1943(445111): 0(0.092293), 
1944(30427): 0(0.052916), 
1945(288102): 0(0.073730), 
1946(154793): 
1947(180846): 0(0.072080), 
1948(350314): 0(0.055061), 
1949(450868): 
1950(429512): 0(0.092269), 
1951(535426): 0(0.129647), 
1952(388834): 0(0.073324), 
1953(132222): 0(0.052920), 
1954(200525): 
1955(421206): 0(0.073141), 
1956(126728): 2(0.051253), 3(0.051253), 
1957(416851): 
1958(511018): 
1959(474210): 1(0.064312), 
1960(517191): 
1961(497577): 
1962(533997): 
1963(528873): 
1964(173807): 
1965(304553): 0(0.072564), 
1966(437499): 0(0.091297), 
1967(28901): 
1968(63665): 2(0.050330), 3(0.050330), 
1969(216113): 2(0.089770), 3(0.089770), 
1970(95696): 
1971(410209): 1(0.064877), 
1972(357320): 
1973(537581): 2(0.101205), 3(0.101205), 
1974(320323): 
1975(356140): 6(0.080712), 
1976(81495): 6(0.059872), 
1977(172355): 0(0.052886), 
1978(478685): 0(0.052878), 
1979(39807): 
1980(176454): 
1981(320635): 1(0.080465), 
1982(270000): 1(0.148316), 
1983(451191): 
1984(219264): 
1985(463809): 
1986(63775): 6(0.053189), 
1987(535880): 
1988(512525): 6(0.078653), 
1989(48148): 
1990(196284): 2(0.072467), 3(0.072467), 
1991(320573): 
1992(194929): 
1993(492145): 
1994(478516): 
1995(416398): 0(0.054007), 
1996(435739): 
1997(380429): 
1998(479755): 
1999(176119): 
2000(392075): 
2001(96746): 
2002(209750): 
2003(234890): 
2004(330866): 
2005(406667): 
2006(276951): 
2007(367271): 
2008(11673): 2(0.052306), 3(0.052306), 
2009(457495): 
2010(141285): 
2011(40697): 2(0.052212), 3(0.052212), 
2012(285362): 
2013(298875): 
2014(141137): 0(0.053155), 
2015(76261): 0(0.072022), 
2016(439045): 2(0.063874), 3(0.063874), 
2017(228409): 2(0.089542), 3(0.089542), 
2018(402481): 2(0.063412), 3(0.063412), 
2019(183691): 2(0.050438), 3(0.050438), 
2020(413244): 6(0.059860), 
2021(234280): 
2022(261945): 
2023(372806): 
2024(364239): 
2025(417954): 
2026(343681): 2(0.051490), 3(0.051490), 
2027(152770): 0(0.093668), 
2028(251964): 0(0.093661), 
2029(171330): 
2030(147403): 
2031(56015): 
2032(495086): 
2033(15405): 
2034(325470): 
2035(368562): 
2036(50037): 
2037(119305): 
2038(130923): 
2039(313661): 
2040(394330): 6(0.080519), 
2041(180240): 
2042(497046): 
2043(293811): 
2044(424278): 
2045(522893): 6(0.101866), 
2046(494138): 
2047(31889): 
2048(221644): 
2049(515331): 0(0.073044), 
2050(86908): 
2051(15216): 
2052(28715): 2(0.052312), 3(0.052312), 
2053(26619): 
2054(541354): 
2055(424801): 
2056(158844): 
2057(467177): 
2058(533103): 
2059(138922): 
2060(178025): 
2061(363228): 
2062(507382): 1(0.105327), 
2063(106766): 1(0.083435), 
2064(465438): 
2065(70957): 1(0.105466), 
2066(186400): 0(0.091495), 
2067(161691): 2(0.066765), 3(0.066765), 
2068(312203): 2(0.066715), 3(0.066715), 
2069(84507): 2(0.066755), 3(0.066755), 
2070(415003): 2(0.066637), 3(0.066637), 
2071(436695): 2(0.066659), 3(0.066659), 
2072(524365): 2(0.066639), 3(0.066639), 
2073(140712): 2(0.162201), 3(0.162201), 
2074(22627): 
2075(377026): 6(0.060395), 
2076(327069): 6(0.060153), 
2077(68194): 6(0.060148), 
2078(196051): 0(0.072038), 
2079(240531): 0(0.052267), 
2080(442592): 
2081(224548): 
2082(437821): 
2083(219998): 
2084(392936): 1(0.132324), 
2085(294061): 
2086(180024): 1(0.110350), 
2087(192212): 
2088(473530): 
2089(477701): 
2090(95671): 
2091(472930): 
2092(461191): 6(0.059215), 
2093(435336): 6(0.096372), 
2094(194844): 
2095(12517): 
2096(100830): 
2097(57636): 
2098(416134): 
2099(306699): 
2100(370854): 
2101(422914): 
2102(397677): 
2103(463827): 2(0.103776), 3(0.103776), 
2104(234035): 2(0.049418), 3(0.049418), 
2105(76608): 2(0.089812), 3(0.089812), 
2106(297749): 
2107(286396): 
2108(75477): 2(0.064437), 3(0.064437), 
2109(27920): 1(0.062940), 
2110(155059): 
2111(181126): 
2112(231305): 
2113(478483): 1(0.103438), 
2114(342138): 
2115(520151): 6(0.206914), 
2116(391883): 6(0.102776), 
2117(208172): 
2118(462710): 
2119(297000): 
2120(228654): 
2121(196952): 
2122(364322): 
2123(154137): 
2124(59216): 
2125(321251): 
2126(310365): 
2127(456170): 
2128(506186): 
2129(399769): 
2130(51418): 
2131(154560): 
2132(259723): 6(0.058352), 
2133(248977): 6(0.079365), 
2134(243191): 6(0.098671), 
2135(200052): 6(0.059383), 
2136(46702): 
2137(110182): 6(0.059404), 
2138(438419): 
2139(432683): 1(0.064410), 
2140(530180): 
2141(513476): 2(0.067607), 3(0.067607), 
2142(358541): 
2143(157509): 
2144(238404): 
2145(284094): 6(0.099145), 
2146(327390): 
2147(442612): 6(0.078029), 
2148(167906): 6(0.078173), 
2149(288975): 6(0.099378), 
2150(451312): 6(0.078118), 
2151(509182): 
2152(100464): 0(0.089766), 
2153(408319): 6(0.079327), 
2154(54586): 6(0.103020), 
2155(514085): 
2156(540637): 1(0.053256), 
2157(381119): 
2158(363549): 
2159(265247): 
2160(324311): 
2161(344070): 
2162(174771): 6(0.143174), 
2163(448537): 6(0.101427), 
2164(43061): 6(0.142930), 
2165(428236): 0(0.054228), 
2166(42943): 
2167(473702): 2(0.170933), 3(0.170933), 
2168(455517): 6(0.103025), 
2169(77068): 
2170(123520): 
2171(320672): 1(0.065169), 
2172(329394): 
2173(528282): 
2174(338978): 
2175(182693): 
2176(211512): 
2177(443987): 0(0.091861), 
2178(545622): 
2179(238342): 
2180(509842): 
2181(102995): 
2182(409548): 
2183(340504): 6(0.103640), 
2184(387039): 
2185(72998): 
2186(54519): 
2187(50856): 0(0.108684), 
2188(447824): 1(0.132667), 
2189(401712): 1(0.109789), 
2190(502679): 1(0.109315), 
2191(179250): 6(0.051827), 
2192(82630): 
2193(528913): 1(0.176529), 
2194(533612): 1(0.132083), 
2195(326871): 1(0.064014), 
2196(159228): 1(0.110418), 
2197(141774): 2(0.049591), 3(0.049591), 
2198(447710): 1(0.083855), 
2199(53826): 
2200(53423): 
2201(42714): 2(0.051306), 3(0.051306), 
2202(515102): 2(0.052083), 3(0.052083), 
2203(405757): 
2204(516151): 2(0.051971), 3(0.051971), 
2205(519368): 2(0.063299), 3(0.063299), 
2206(18658): 6(0.081316), 
2207(445426): 6(0.122066), 
2208(341343): 0(0.092683), 
2209(373838): 
2210(336734): 0(0.074327), 
2211(275938): 0(0.092427), 
2212(375705): 0(0.092415), 
2213(28928): 0(0.074338), 
2214(289605): 1(0.082240), 
2215(91358): 
2216(395165): 
2217(314114): 
2218(219067): 
2219(184061): 
2220(502410): 
2221(506800): 2(0.058367), 3(0.058367), 
2222(261291): 
2223(294019): 
2224(219969): 
2225(137396): 
2226(421343): 
2227(253649): 6(0.100443), 
2228(251603): 0(0.091359), 
2229(432662): 2(0.065575), 3(0.065575), 
2230(136663): 
2231(257121): 
2232(510181): 
2233(70507): 
2234(509911): 0(0.126522), 
2235(319477): 2(0.077084), 3(0.077084), 
2236(56011): 
2237(392863): 2(0.063504), 3(0.063504), 
2238(254941): 2(0.065750), 3(0.065750), 
2239(456684): 2(0.065859), 3(0.065859), 
2240(214125): 
2241(29152): 
2242(199413): 2(0.067595), 3(0.067595), 
2243(515895): 
2244(41397): 2(0.067650), 3(0.067650), 
2245(277453): 2(0.067640), 3(0.067640), 
2246(542552): 1(0.059504), 
2247(97801): 
2248(312877): 
2249(143603): 
2250(421076): 6(0.102810), 
2251(229607): 1(0.062713), 
2252(336457): 1(0.083701), 
2253(365176): 1(0.105410), 
2254(520360): 
2255(131344): 1(0.052835), 
2256(524601): 
2257(534130): 
2258(8779): 
2259(363944): 
2260(489911): 
2261(247826): 
2262(54603): 
2263(536301): 
2264(221420): 
2265(244857): 
2266(241379): 
2267(262046): 
2268(61473): 1(0.062152), 
2269(284284): 
2270(378729): 0(0.060428), 
2271(278511): 
2272(263085): 0(0.089793), 
2273(229373): 
2274(476666): 
2275(215573): 
2276(329940): 
2277(464260): 
2278(380525): 
2279(33805): 
2280(530854): 1(0.109470), 
2281(384194): 6(0.053563), 
2282(374184): 
2283(87471): 
2284(16597): 
2285(405288): 
2286(97076): 
2287(72199): 6(0.057771), 
2288(467893): 
2289(150122): 
2290(198056): 
2291(25765): 
2292(293978): 
2293(348250): 1(0.058773), 
2294(507988): 1(0.054730), 
2295(249088): 1(0.078917), 
2296(372399): 1(0.061445), 
2297(129477): 
2298(406929): 
2299(319517): 
2300(516593): 
2301(257192): 
2302(395386): 
2303(352650): 
2304(533744): 
2305(418545): 
2306(442282): 
2307(67637): 
2308(344156): 
2309(329022): 
2310(269109): 
2311(493335): 
2312(529521): 
2313(318377): 
2314(392079): 
2315(132899): 
2316(412588): 2(0.062703), 3(0.062703), 
2317(294171): 2(0.062687), 3(0.062687), 
2318(129032): 2(0.062702), 3(0.062702), 
2319(212761): 
2320(167782): 
2321(386421): 
2322(470804): 
2323(162396): 
2324(546120): 
2325(114759): 
2326(214598): 2(0.051756), 3(0.051756), 
2327(512945): 
2328(493553): 
2329(190360): 
2330(80461): 2(0.048394), 3(0.048394), 
2331(520256): 
2332(356774): 
2333(442935): 
2334(369159): 
2335(511051): 
2336(138255): 
2337(123090): 1(0.059411), 
2338(228258): 
2339(30227): 
2340(20233): 
2341(479823): 2(0.050737), 3(0.050737), 
2342(111594): 2(0.063972), 3(0.063972), 
2343(238739): 
2344(69438): 
2345(413773): 
2346(136258): 2(0.051111), 3(0.051111), 
2347(218758): 
2348(14932): 2(0.063891), 3(0.063891), 
2349(134595): 
2350(99160): 
2351(523270): 
2352(533939): 
2353(529142): 
2354(407423): 
2355(416958): 
2356(36654): 
2357(462308): 6(0.059821), 
2358(160435): 
2359(538881): 
2360(160306): 
2361(329497): 
2362(139853): 
2363(459529): 
2364(221399): 2(0.064875), 3(0.064875), 
2365(465786): 
2366(327576): 
2367(214317): 6(0.080110), 
2368(436776): 
2369(54780): 
2370(172865): 
2371(272851): 
2372(479525): 
2373(419099): 
2374(392550): 
2375(327027): 
2376(197758): 1(0.060394), 
2377(93733): 1(0.060640), 
2378(418045): 
2379(65243): 
2380(89363): 
2381(433510): 
2382(166325): 1(0.052310), 
2383(378616): 
2384(225548): 
2385(335776): 6(0.079848), 
2386(241016): 
2387(430353): 6(0.059852), 
2388(219528): 
2389(401959): 
2390(348947): 
2391(391757): 
2392(501870): 
2393(336856): 
2394(487981): 
2395(498065): 
2396(366201): 
2397(284786): 
2398(386763): 
2399(272351): 
2400(438755): 
2401(6877): 
2402(487194): 
2403(191398): 
2404(500140): 
2405(249173): 
2406(442058): 
2407(157973): 
2408(510422): 
2409(68871): 
2410(10734): 
2411(391981): 
2412(281417): 0(0.072421), 
2413(474692): 0(0.072035), 
2414(221596): 0(0.109385), 
2415(319176): 0(0.072404), 
2416(459807): 0(0.128002), 
2417(62813): 1(0.108615), 
2418(412902): 
2419(322634): 1(0.084310), 
2420(324584): 1(0.105711), 
2421(38472): 1(0.084096), 
2422(419688): 1(0.084341), 
2423(428850): 1(0.106245), 
2424(67055): 6(0.082744), 
2425(57337): 
2426(353478): 
2427(291303): 
2428(290971): 
2429(52150): 
2430(139247): 
2431(460748): 
2432(421043): 
2433(269249): 
2434(416929): 
2435(531543): 6(0.074498), 
2436(266166): 0(0.092164), 
2437(46911): 6(0.060376), 
2438(99755): 
2439(263726): 
2440(514182): 
2441(169510): 6(0.060494), 
2442(275452): 6(0.162949), 
2443(415327): 1(0.061567), 
2444(390358): 1(0.062056), 
2445(520082): 6(0.082238), 
2446(198671): 6(0.080877), 
2447(200664): 6(0.060239), 
2448(412331): 6(0.061026), 
2449(27027): 6(0.122290), 
2450(375196): 
2451(100259): 
2452(316409): 
2453(421756): 
2454(79886): 6(0.054942), 
2455(375700): 
2456(337522): 
2457(288016): 
2458(184223): 
2459(436977): 
2460(467754): 
2461(443528): 
2462(333957): 6(0.046586), 
2463(327976): 
2464(376608): 
2465(322160): 
2466(112541): 
2467(71734): 
2468(401096): 6(0.081736), 
2469(110527): 
2470(427914): 
2471(316315): 
2472(462454): 
2473(244521): 0(0.051208), 
2474(21158): 0(0.048513), 
2475(83076): 0(0.101886), 
2476(196000): 2(0.050335), 3(0.050335), 
2477(176629): 
2478(458885): 
2479(383747): 
2480(497741): 
2481(337241): 
2482(420520): 
2483(390010): 
2484(24328): 
2485(303705): 
2486(245941): 
2487(494201): 
2488(329635): 
2489(392698): 0(0.092608), 
2490(530220): 
2491(348986): 
2492(527511): 
2493(10543): 
2494(5591): 
2495(521459): 
2496(53326): 
2497(458393): 6(0.053435), 
2498(458828): 
2499(536119): 
2500(280612): 
2501(321069): 1(0.133347), 
2502(164661): 
2503(60559): 
2504(316084): 
2505(287274): 
2506(213937): 
2507(332470): 0(0.072657), 
2508(213713): 
2509(116652): 
2510(113234): 
2511(332672): 
2512(229124): 
2513(356722): 
2514(526581): 
2515(187608): 
2516(540873): 0(0.052953), 
2517(207304): 
2518(175267): 
2519(188116): 
2520(524695): 6(0.096518), 
2521(51377): 
2522(383868): 
2523(287650): 
2524(413507): 1(0.063555), 
2525(126843): 
2526(21051): 
2527(412364): 
2528(358272): 
2529(103631): 
2530(250208): 
2531(455458): 
2532(355942): 6(0.079469), 
2533(87279): 
2534(484398): 
2535(108644): 
2536(88760): 
2537(244583): 
2538(452316): 2(0.049164), 3(0.049164), 
2539(501459): 
2540(230314): 
2541(407399): 
2542(122256): 
2543(162427): 6(0.103148), 
2544(379695): 6(0.103168), 
2545(193902): 
2546(449941): 
2547(332629): 
2548(459834): 
2549(525697): 1(0.063339), 
2550(332746): 
2551(110897): 
2552(89898): 
2553(376625): 
2554(468214): 1(0.058426), 
2555(101814): 
2556(11416): 
2557(442213): 
2558(62986): 
2559(150996): 
2560(128208): 
2561(412760): 
2562(139923): 
2563(225022): 
2564(476462): 
2565(378594): 
2566(388788): 
2567(18641): 
2568(24534): 
2569(143039): 
2570(328825): 
2571(312096): 
2572(465097): 
2573(77211): 
2574(219375): 
2575(178553): 
2576(387687): 
2577(74187): 
2578(277590): 
2579(329263): 
2580(71265): 
2581(190429): 
2582(448325): 1(0.065179), 
2583(253684): 
2584(232354): 
2585(399840): 
2586(418032): 
2587(171148): 
2588(54860): 
2589(185420): 
2590(358534): 2(0.050000), 3(0.050000), 
2591(469921): 
2592(406880): 
2593(68730): 
2594(457785): 
2595(374332): 
2596(258162): 
2597(123177): 
2598(383233): 
2599(10111): 
2600(205843): 
2601(234855): 
2602(335439): 
2603(112093): 
2604(279129): 
2605(187171): 
2606(69442): 
2607(534554): 
2608(397108): 
2609(416035): 
2610(474028): 
2611(194923): 1(0.062369), 
2612(373822): 
2613(49965): 
2614(34144): 
2615(40990): 
2616(110039): 
2617(309868): 
