0 74703
1 310594
2 132771
3 336537
4 124223
5 157592
6 295343
7 312581
8 286764
9 237684
10 516492
11 177793
12 19340
13 461643
14 101774
15 467963
16 381732
17 104281
18 50406
19 138750
20 26060
21 354293
22 201597
23 511141
24 279875
25 404506
26 541044
27 217106
28 66432
29 88483
30 484723
31 191257
32 213217
33 430498
34 380495
35 497391
36 285256
37 176980
38 231359
39 7754
40 93789
41 443042
42 377757
43 497007
44 533982
45 301834
46 295435
47 353399
48 246337
49 48895
50 495167
51 453893
52 533772
53 348809
54 332507
55 522261
56 520459
57 213200
58 327497
59 227121
60 31980
61 130542
62 442010
63 395622
64 302509
65 121344
66 229039
67 11152
68 403329
69 374161
70 180569
71 410747
72 490861
73 254640
74 458185
75 527121
76 498708
77 529227
78 305601
79 121768
80 442541
81 138211
82 500747
83 193834
84 51282
85 138101
86 336452
87 529445
88 285602
89 508646
90 21055
91 281837
92 350019
93 286320
94 455569
95 120430
96 244036
97 43538
98 115101
99 181165
100 531346
101 320550
102 55287
103 357153
104 532573
105 48274
106 358729
107 88616
108 279682
109 392323
110 115022
111 142816
112 41102
113 450306
114 194498
115 64667
116 88234
117 422460
118 299435
119 413470
120 475222
121 461608
122 249664
123 174968
124 458490
125 172768
126 184539
127 529212
128 375802
129 124471
130 536893
131 457568
132 479581
133 331713
134 326662
135 330925
136 248346
137 129038
138 60354
139 78662
140 22622
141 399944
142 123758
143 485131
144 97742
145 285942
146 307405
147 143615
148 119384
149 458333
150 291115
151 240218
152 21716
153 127043
154 6790
155 509640
156 239125
157 112067
158 528852
159 75824
160 535941
161 533949
162 144011
163 81531
164 288323
165 154057
166 56592
167 249695
168 531651
169 329901
170 81387
171 228712
172 251197
173 271485
174 90284
175 475333
176 524028
177 390108
178 409904
179 493989
180 198685
181 150815
182 32109
183 302168
184 405102
185 223945
186 332652
187 471563
188 522910
189 64878
190 193896
191 94703
192 396729
193 75863
194 78057
195 494858
196 272358
197 203522
198 99185
199 153607
200 246028
201 43347
202 208274
203 5964
204 196435
205 308479
206 29543
207 44468
208 449223
209 510763
210 211367
211 170662
212 824
213 108323
214 220954
215 185287
216 377462
217 173770
218 640
219 280129
220 281840
221 458345
222 29284
223 379793
224 84928
225 312228
226 40670
227 536762
228 230625
229 324345
230 253284
231 219841
232 348115
233 324000
234 470325
235 206773
236 382137
237 455432
238 441912
239 298212
240 16253
241 27877
242 264303
243 380681
244 144958
245 404609
246 344721
247 248622
248 542168
249 244639
250 284836
251 501066
252 199119
253 527951
254 53493
255 376880
256 525344
257 470625
258 392150
259 462049
260 29246
261 368196
262 282923
263 107714
264 46
265 279372
266 352910
267 331025
268 443412
269 440556
270 539135
271 464836
272 58483
273 431658
274 516487
275 503680
276 304499
277 477066
278 107570
279 251480
280 289291
281 62684
282 297389
283 220727
284 364959
285 273989
286 227230
287 350975
288 323770
289 253882
290 259543
291 386296
292 28469
293 372830
294 162255
295 475129
296 505662
297 332347
298 397608
299 85817
300 493005
301 4826
302 26317
303 278909
304 195087
305 113258
306 234870
307 36376
308 352895
309 14090
310 302070
311 277629
312 373707
313 244266
314 152928
315 231570
316 470114
317 474177
318 6644
319 534343
320 499326
321 284539
322 535120
323 76170
324 266301
325 429889
326 445860
327 285821
328 489134
329 65503
330 418046
331 229173
332 455035
333 533547
334 139490
335 46117
336 8036
337 421279
338 122994
339 108827
340 53089
341 517178
342 368740
343 158452
344 345849
345 92120
346 177505
347 487277
348 66563
349 541993
350 346751
351 447461
352 392670
353 186231
354 289547
355 41924
356 201170
357 312091
358 368850
359 91621
360 368488
361 270591
362 522428
363 213022
364 338053
365 540364
366 377548
367 87694
368 261886
369 235471
370 372094
371 308068
372 464625
373 275733
374 409084
375 72861
376 254117
377 269430
378 252845
379 409165
380 434838
381 467227
382 363120
383 321953
384 339866
385 412213
386 2040
387 52668
388 291742
389 85893
390 412514
391 350514
392 259228
393 324599
394 324314
395 257779
396 298605
397 157663
398 235975
399 88805
400 382649
401 231232
402 66860
403 389845
404 136262
405 453583
406 80143
407 466376
408 468591
409 220185
410 40758
411 522500
412 124351
413 33492
414 430451
415 33345
416 521772
417 65513
418 98112
419 141157
420 495620
421 292574
422 21297
423 523114
424 29642
425 19161
426 318101
427 274015
428 459378
429 345710
430 251356
431 473049
432 426964
433 72909
434 370847
435 215555
436 534007
437 13965
438 480282
439 379874
440 118439
441 5990
442 87466
443 136695
444 14618
445 177380
446 109972
447 59811
448 498360
449 340288
450 334199
451 199547
452 445103
453 455725
454 161928
455 408604
456 190462
457 408422
458 245048
459 13000
460 9329
461 266433
462 483177
463 156236
464 260635
465 318381
466 38092
467 36082
468 131499
469 131880
470 290269
471 401006
472 7998
473 205165
474 414830
475 342965
476 524001
477 494622
478 539350
479 278241
480 75058
481 298248
482 139625
483 330708
484 211222
485 317673
486 33268
487 172786
488 126446
489 454847
490 61843
491 408907
492 529353
493 233912
494 45312
495 272445
496 429067
497 541872
498 368137
499 510460
500 443482
501 311670
502 387789
503 521063
504 102709
505 485143
506 498107
507 382713
508 321386
509 435740
510 431278
511 485465
512 69868
513 144096
514 397811
515 273977
516 112224
517 33026
518 493160
519 411757
520 182359
521 109891
522 152594
523 232913
524 460548
525 531808
526 163023
527 330122
528 14425
529 488943
530 520608
531 356893
532 122338
533 407436
534 331200
535 1500
536 12177
537 368669
538 182085
539 517935
540 217123
541 200263
542 493529
543 277516
544 308582
545 328498
546 424292
547 60686
548 375358
549 439204
550 117357
551 98413
552 535412
553 354622
554 111906
555 62644
556 329771
557 431848
558 449268
559 127949
560 298601
561 287768
562 444440
563 402469
564 221585
565 357513
566 343917
567 132435
568 28431
569 346918
570 253526
571 275908
572 294469
573 478256
574 213777
575 341958
576 31172
577 325224
578 232385
579 195336
580 269385
581 114889
582 27847
583 413327
584 222211
585 441829
586 451385
587 129059
588 503401
589 13692
590 317384
591 43658
592 373276
593 220277
594 49480
595 375200
596 465561
597 298545
598 435528
599 451598
600 270704
601 125240
602 536165
603 415390
604 525904
605 152047
606 489170
607 281508
608 211236
609 372847
610 231335
611 216333
612 223549
613 47861
614 341756
615 171912
616 440019
617 488385
618 103004
619 322011
620 413968
621 151471
622 317095
623 153582
624 431152
625 372134
626 341144
627 325050
628 416634
629 28329
630 106626
631 161603
632 478625
633 10131
634 7750
635 213254
636 380072
637 487207
638 48099
639 539662
640 72700
641 468085
642 303834
643 145300
644 217502
645 275341
646 302406
647 422184
648 428646
649 371958
650 260445
651 318176
652 83293
653 291868
654 382987
655 359075
656 486478
657 86695
658 112068
659 213243
660 433468
661 254634
662 434151
663 20674
664 469693
665 310665
666 58349
667 256003
668 40417
669 192949
670 223134
671 446206
672 250541
673 115582
674 32936
675 406601
676 253319
677 528026
678 173881
679 394445
680 57773
681 469066
682 243645
683 224172
684 201191
685 461709
686 35059
687 89358
688 200475
689 131195
690 198828
691 266641
692 260326
693 224510
694 416425
695 544423
696 355947
697 82937
698 424234
699 126322
700 22881
701 284401
702 458032
703 287459
704 329298
705 487511
706 69248
707 198780
708 156068
709 181264
710 329067
711 89104
712 402235
713 287707
714 353243
715 194866
716 335642
717 14544
718 61739
719 78344
720 476535
721 33697
722 298528
723 13145
724 530087
725 462039
726 280601
727 264997
728 237735
729 418877
730 521160
731 207881
732 407473
733 42957
734 455888
735 62605
736 268722
737 369468
738 166679
739 94830
740 415523
741 386578
742 260248
743 132618
744 108039
745 422477
746 367978
747 234051
748 222314
749 61387
750 252583
751 475326
752 134007
753 200373
754 79738
755 225020
756 277998
757 64219
758 129459
759 8430
760 447733
761 339729
762 135113
763 543319
764 396014
765 515623
766 454821
767 538231
768 459730
769 123979
770 357194
771 509496
772 357191
773 30521
774 269552
775 220079
776 489696
777 495720
778 377668
779 530759
780 428210
781 470853
782 491537
783 63265
784 314965
785 446926
786 124504
787 94649
788 88076
789 420472
790 216791
791 339240
792 250795
793 268519
794 232712
795 447354
796 443356
797 412779
798 13948
799 2517
800 301181
801 226965
802 279708
803 419721
804 149744
805 118905
806 282410
807 2801
808 328447
809 328021
810 15834
811 528775
812 195814
813 55736
814 435419
815 153517
816 56290
817 503558
818 531469
819 299851
820 439840
821 34807
822 433664
823 457335
824 109955
825 72630
826 406552
827 395793
828 537690
829 109281
830 393522
831 369589
832 207353
833 63756
834 119271
835 311788
836 140630
837 115536
838 31122
839 504790
840 419777
841 290628
842 511172
843 22322
844 338580
845 237078
846 161453
847 527251
848 388654
849 477155
850 239637
851 95308
852 120296
853 118408
854 134894
855 58522
856 224211
857 525237
858 430559
859 522555
860 133115
861 99505
862 126694
863 502972
864 264885
865 66612
866 224992
867 195658
868 66340
869 154698
870 18151
871 366398
872 168056
873 530292
874 393489
875 507518
876 159430
877 385631
878 454017
879 97377
880 257882
881 160439
882 361705
883 361707
884 299831
885 396815
886 314511
887 542670
888 374904
889 104166
890 62960
891 122211
892 335193
893 480585
894 476575
895 311238
896 358285
897 62212
898 283926
899 345173
900 321070
901 459353
902 117486
903 186430
904 428880
905 227516
906 536290
907 498315
908 173813
909 477160
910 503434
911 110631
912 468893
913 514855
914 226554
915 151898
916 226260
917 209946
918 146119
919 127307
920 203231
921 512678
922 477829
923 214249
924 239253
925 192358
926 80554
927 204181
928 333870
929 376678
930 276631
931 194766
932 213415
933 304833
934 481656
935 312705
936 62721
937 74593
938 405445
939 240768
940 46496
941 530683
942 440523
943 498816
944 393414
945 372465
946 350864
947 251832
948 337375
949 94819
950 172545
951 276020
952 52754
953 207136
954 86352
955 226283
956 169527
957 516405
958 438019
959 431045
960 462275
961 113286
962 159293
963 464363
964 136385
965 47046
966 255395
967 524027
968 136574
969 196827
970 190818
971 25966
972 472345
973 393187
974 71203
975 100375
976 528067
977 472639
978 102392
979 186298
980 217370
981 14887
982 504218
983 504718
984 206956
985 201846
986 328752
987 17424
988 195406
989 38134
990 104776
991 383906
992 435921
993 30584
994 486949
995 153389
996 398443
997 21516
998 121441
999 494252
1000 467195
1001 493324
1002 528829
1003 412282
1004 409123
1005 526560
1006 81303
1007 527592
1008 410791
1009 241848
1010 64131
1011 196726
1012 46196
1013 100394
1014 256556
1015 154052
1016 331238
1017 52479
1018 246285
1019 406509
1020 199448
1021 522929
1022 422300
1023 365168
1024 407863
1025 390948
1026 407993
1027 277906
1028 401565
1029 264758
1030 208447
1031 376521
1032 268211
1033 19518
1034 460130
1035 162904
1036 42727
1037 269018
1038 116931
1039 323192
1040 3087
1041 183036
1042 135988
1043 154522
1044 514549
1045 431170
1046 61989
1047 492796
1048 444653
1049 256481
1050 378115
1051 449152
1052 388835
1053 387700
1054 423696
1055 26458
1056 480965
1057 446343
1058 505039
1059 524769
1060 258370
1061 437719
1062 106515
1063 103088
1064 259885
1065 439889
1066 124862
1067 43467
1068 114509
1069 198063
1070 394175
1071 360141
1072 200956
1073 248185
1074 441704
1075 253652
1076 474622
1077 397627
1078 375755
1079 150543
1080 221760
1081 290912
1082 109415
1083 354880
1084 63903
1085 309993
1086 471456
1087 319406
1088 396710
1089 431829
1090 479821
1091 492973
1092 509597
1093 348903
1094 103935
1095 190499
1096 57772
1097 177105
1098 29278
1099 128591
1100 361765
1101 323426
1102 75448
1103 306430
1104 150266
1105 241534
1106 314529
1107 364605
1108 485297
1109 248
1110 201746
1111 419053
1112 436875
1113 423217
1114 1212
1115 216202
1116 27388
1117 399514
1118 153491
1119 462464
1120 493507
1121 102083
1122 303562
1123 60937
1124 156611
1125 101631
1126 326990
1127 187180
1128 45101
1129 103133
1130 81349
1131 199595
1132 223022
1133 466539
1134 377436
1135 346491
1136 99958
1137 44135
1138 243476
1139 357695
1140 332457
1141 461374
1142 471318
1143 394218
1144 486721
1145 222352
1146 224900
1147 405455
1148 528363
1149 92358
1150 485099
1151 394274
1152 531578
1153 398323
1154 249735
1155 139838
1156 326820
1157 189717
1158 311929
1159 452941
1160 19625
1161 490490
1162 463477
1163 491715
1164 393915
1165 528766
1166 231334
1167 469630
1168 194425
1169 406477
1170 346811
1171 50784
1172 254220
1173 468181
1174 388969
1175 136152
1176 46253
1177 544371
1178 75468
1179 24132
1180 372686
1181 521016
1182 428955
1183 473272
1184 380051
1185 301215
1186 345528
1187 359466
1188 198172
1189 321951
1190 531753
1191 356182
1192 399876
1193 528956
1194 242628
1195 230862
1196 389851
1197 41433
1198 165585
1199 340732
1200 506633
1201 30960
1202 246033
1203 440504
1204 215912
1205 107419
1206 180583
1207 351039
1208 401732
1209 176613
1210 543347
1211 522170
1212 403869
1213 162593
1214 357024
1215 434611
1216 138501
1217 283793
1218 396297
1219 91655
1220 321351
1221 202685
1222 364339
1223 481682
1224 536008
1225 455268
1226 43482
1227 521499
1228 212967
1229 399799
1230 350481
1231 318472
1232 474351
1233 441859
1234 412103
1235 190136
1236 60656
1237 507369
1238 90677
1239 3365
1240 493057
1241 320516
1242 407393
1243 365852
1244 538675
1245 232017
1246 290922
1247 185435
1248 390180
1249 272960
1250 475147
1251 210647
1252 520187
1253 240816
1254 358983
1255 332868
1256 238388
1257 502774
1258 482340
1259 41708
1260 457675
1261 502352
1262 121511
1263 45183
1264 243087
1265 319631
1266 541245
1267 282212
1268 432157
1269 144800
1270 207132
1271 262476
1272 367789
1273 530068
1274 240997
1275 56144
1276 190681
1277 72472
1278 319603
1279 298349
1280 343614
1281 222031
1282 299025
1283 145394
1284 393702
1285 230853
1286 381561
1287 226521
1288 314606
1289 288141
1290 495158
1291 373911
1292 1250
1293 221228
1294 345770
1295 103586
1296 250246
1297 353365
1298 519527
1299 244150
1300 324907
1301 161930
1302 173333
1303 254655
1304 462348
1305 490847
1306 211101
1307 88733
1308 280899
1309 318352
1310 123155
1311 274107
1312 12580
1313 462021
1314 39297
1315 36169
1316 213609
1317 260559
1318 188821
1319 402729
1320 48825
1321 15676
1322 67423
1323 256182
1324 206281
1325 139847
1326 89601
1327 528101
1328 130722
1329 203259
1330 341428
1331 488085
1332 83288
1333 425314
1334 216406
1335 343052
1336 439613
1337 429225
1338 526151
1339 83450
1340 256164
1341 169369
1342 362549
1343 14274
1344 296984
1345 111351
1346 265961
1347 353397
1348 213868
1349 318663
1350 35289
1351 528620
1352 64520
1353 138480
1354 59968
1355 148443
1356 388229
1357 421805
1358 327789
1359 397927
1360 1023
1361 190757
1362 454841
1363 348456
1364 43527
1365 73696
1366 79014
1367 495985
1368 484543
1369 45058
1370 399490
1371 333405
1372 284541
1373 331698
1374 315260
1375 310706
1376 171536
1377 416814
1378 349799
1379 110996
1380 406640
1381 337685
1382 30333
1383 183096
1384 92415
1385 288724
1386 86069
1387 274289
1388 194563
1389 206338
1390 303388
1391 534631
1392 206256
1393 147424
1394 512086
1395 475056
1396 536279
1397 109240
1398 513143
1399 271703
1400 441442
1401 214495
1402 443543
1403 322012
1404 109187
1405 484565
1406 491965
1407 429435
1408 291914
1409 55679
1410 498689
1411 201077
1412 356808
1413 77386
1414 246876
1415 106379
1416 169278
1417 359239
1418 255440
1419 171629
1420 374644
1421 337851
1422 197274
1423 64663
1424 341771
1425 188406
1426 139311
1427 182762
1428 517948
1429 62541
1430 165924
1431 92021
1432 88555
1433 352007
1434 107068
1435 524375
1436 148079
1437 222573
1438 46663
1439 499637
1440 217965
1441 265679
1442 472030
1443 380931
1444 366341
1445 295625
1446 42405
1447 190678
1448 363273
1449 279761
1450 145914
1451 290861
1452 286921
1453 100933
1454 71153
1455 187827
1456 113829
1457 96101
1458 24447
1459 125073
1460 411319
1461 106669
1462 61617
1463 217696
1464 133904
1465 26594
1466 350642
1467 458612
1468 414043
1469 505253
1470 116768
1471 109070
1472 92138
1473 435530
1474 31798
1475 411667
1476 258456
1477 164668
1478 330216
1479 452442
1480 366884
1481 521011
1482 399606
1483 375640
1484 148960
1485 351604
1486 228561
1487 463824
1488 493012
1489 231612
1490 168865
1491 503711
1492 97383
1493 296850
1494 362020
1495 364759
1496 205402
1497 124220
1498 177599
1499 273848
1500 115952
1501 396870
1502 13162
1503 67532
1504 447937
1505 464400
1506 157827
1507 361514
1508 310998
1509 213736
1510 287808
1511 334991
1512 538396
1513 346114
1514 284423
1515 227157
1516 249905
1517 16019
1518 509734
1519 21232
1520 279000
1521 66620
1522 121794
1523 213358
1524 536363
1525 504508
1526 416385
1527 281251
1528 341229
1529 541076
1530 510032
1531 527646
1532 74457
1533 525883
1534 90155
1535 445587
1536 372857
1537 2194
1538 334631
1539 130837
1540 411528
1541 163383
1542 61109
1543 246259
1544 525983
1545 197184
1546 241511
1547 45734
1548 342435
1549 383399
1550 428038
1551 213239
1552 515453
1553 489432
1554 294629
1555 523458
1556 478589
1557 152753
1558 315701
1559 393559
1560 112069
1561 434739
1562 431347
1563 280410
1564 90431
1565 125000
1566 200566
1567 238729
1568 424386
1569 152440
1570 298578
1571 184727
1572 131251
1573 445995
1574 489662
1575 301224
1576 331818
1577 342049
1578 151850
1579 522991
1580 125660
1581 402891
1582 400383
1583 436091
1584 77040
1585 300054
1586 381868
1587 305792
1588 336314
1589 344532
1590 501851
1591 515012
1592 458260
1593 395279
1594 506788
1595 209094
1596 234106
1597 278949
1598 218403
1599 51736
1600 310310
1601 6488
1602 50328
1603 530545
1604 506622
1605 47719
1606 133060
1607 478525
1608 231512
1609 509201
1610 316730
1611 52457
1612 242531
1613 90067
1614 411737
1615 279687
1616 289001
1617 88316
1618 530690
1619 128567
1620 226741
1621 230746
1622 290594
1623 330802
1624 310124
1625 11656
1626 338128
1627 473269
1628 506025
1629 158901
1630 470649
1631 416697
1632 461270
1633 36825
1634 474278
1635 364153
1636 121800
1637 340977
1638 33939
1639 519219
1640 309055
1641 196653
1642 191846
1643 534755
1644 367592
1645 346151
1646 459382
1647 505511
1648 362983
1649 74319
1650 528139
1651 40890
1652 521454
1653 364744
1654 478324
1655 12936
1656 299418
1657 527027
1658 158298
1659 411513
1660 448399
1661 18427
1662 429785
1663 55218
1664 51509
1665 402358
1666 58094
1667 331590
1668 526090
1669 290324
1670 131061
1671 404494
1672 393447
1673 110029
1674 251915
1675 369501
1676 84592
1677 222033
1678 505904
1679 246286
1680 294519
1681 60613
1682 440707
1683 186748
1684 538214
1685 510378
1686 113332
1687 211687
1688 423615
1689 496411
1690 125238
1691 178684
1692 102774
1693 57904
1694 450066
1695 456085
1696 221577
1697 523198
1698 128999
1699 13169
1700 345163
1701 522815
1702 528972
1703 15606
1704 324117
1705 208529
1706 45838
1707 281386
1708 530606
1709 255529
1710 381236
1711 13791
1712 105841
1713 288434
1714 160297
1715 542082
1716 41783
1717 441851
1718 197742
1719 195097
1720 301826
1721 399891
1722 438888
1723 406327
1724 31306
1725 158592
1726 316073
1727 104603
1728 178274
1729 491069
1730 510013
1731 108640
1732 167159
1733 280074
1734 203110
1735 259082
1736 226331
1737 209822
1738 118948
1739 455700
1740 482725
1741 388471
1742 72097
1743 186249
1744 442248
1745 539987
1746 457915
1747 382445
1748 406338
1749 386562
1750 166202
1751 487013
1752 496108
1753 191789
1754 482869
1755 129898
1756 365512
1757 204842
1758 511516
1759 67301
1760 193153
1761 109469
1762 490900
1763 232097
1764 260790
1765 516315
1766 359827
1767 258922
1768 452930
1769 327499
1770 264290
1771 332792
1772 328886
1773 347284
1774 235935
1775 366208
1776 417634
1777 2972
1778 419886
1779 452699
1780 51744
1781 67412
1782 116840
1783 199841
1784 330338
1785 4138
1786 53278
1787 91997
1788 307003
1789 190130
1790 238136
1791 213162
1792 137799
1793 493672
1794 14830
1795 230709
1796 393053
1797 291576
1798 404117
1799 223394
1800 416784
1801 498668
1802 179747
1803 187973
1804 194979
1805 226851
1806 13499
1807 28723
1808 522238
1809 140812
1810 321666
1811 381099
1812 356177
1813 372729
1814 219610
1815 3811
1816 298026
1817 108475
1818 296478
1819 454523
1820 319215
1821 309242
1822 537146
1823 385244
1824 504570
1825 137369
1826 21430
1827 325436
1828 386327
1829 109785
1830 534332
1831 469207
1832 125682
1833 397536
1834 286861
1835 431547
1836 344351
1837 493783
1838 479635
1839 361588
1840 315096
1841 186327
1842 87881
1843 440118
1844 197953
1845 365760
1846 21916
1847 515894
1848 190685
1849 413616
1850 14743
1851 274931
1852 320706
1853 82305
1854 472369
1855 334276
1856 464952
1857 480597
1858 287056
1859 428611
1860 412219
1861 257264
1862 473282
1863 302339
1864 135149
1865 263614
1866 83509
1867 6248
1868 29074
1869 484037
1870 491445
1871 347358
1872 389402
1873 139169
1874 259379
1875 310687
1876 127100
1877 482944
1878 519036
1879 394002
1880 189492
1881 242667
1882 187354
1883 368269
1884 272582
1885 391238
1886 511001
1887 263587
1888 456361
1889 145899
1890 470546
1891 41995
1892 299828
1893 238708
1894 527812
1895 460126
1896 314994
1897 78114
1898 397090
1899 468719
1900 190872
1901 524283
1902 118014
1903 97698
1904 190418
1905 482957
1906 326337
1907 509664
1908 405299
1909 69217
1910 172340
1911 380835
1912 315608
1913 64286
1914 477447
1915 20423
1916 523748
1917 525916
1918 376767
1919 505141
1920 115223
1921 365558
1922 298439
1923 38003
1924 122275
1925 13118
1926 452969
1927 366458
1928 294452
1929 136697
1930 414038
1931 221174
1932 494550
1933 8504
1934 521818
1935 72965
1936 308676
1937 113950
1938 295218
1939 286574
1940 207653
1941 61542
1942 269990
1943 445111
1944 30427
1945 288102
1946 154793
1947 180846
1948 350314
1949 450868
1950 429512
1951 535426
1952 388834
1953 132222
1954 200525
1955 421206
1956 126728
1957 416851
1958 511018
1959 474210
1960 517191
1961 497577
1962 533997
1963 528873
1964 173807
1965 304553
1966 437499
1967 28901
1968 63665
1969 216113
1970 95696
1971 410209
1972 357320
1973 537581
1974 320323
1975 356140
1976 81495
1977 172355
1978 478685
1979 39807
1980 176454
1981 320635
1982 270000
1983 451191
1984 219264
1985 463809
1986 63775
1987 535880
1988 512525
1989 48148
1990 196284
1991 320573
1992 194929
1993 492145
1994 478516
1995 416398
1996 435739
1997 380429
1998 479755
1999 176119
2000 392075
2001 96746
2002 209750
2003 234890
2004 330866
2005 406667
2006 276951
2007 367271
2008 11673
2009 457495
2010 141285
2011 40697
2012 285362
2013 298875
2014 141137
2015 76261
2016 439045
2017 228409
2018 402481
2019 183691
2020 413244
2021 234280
2022 261945
2023 372806
2024 364239
2025 417954
2026 343681
2027 152770
2028 251964
2029 171330
2030 147403
2031 56015
2032 495086
2033 15405
2034 325470
2035 368562
2036 50037
2037 119305
2038 130923
2039 313661
2040 394330
2041 180240
2042 497046
2043 293811
2044 424278
2045 522893
2046 494138
2047 31889
2048 221644
2049 515331
2050 86908
2051 15216
2052 28715
2053 26619
2054 541354
2055 424801
2056 158844
2057 467177
2058 533103
2059 138922
2060 178025
2061 363228
2062 507382
2063 106766
2064 465438
2065 70957
2066 186400
2067 161691
2068 312203
2069 84507
2070 415003
2071 436695
2072 524365
2073 140712
2074 22627
2075 377026
2076 327069
2077 68194
2078 196051
2079 240531
2080 442592
2081 224548
2082 437821
2083 219998
2084 392936
2085 294061
2086 180024
2087 192212
2088 473530
2089 477701
2090 95671
2091 472930
2092 461191
2093 435336
2094 194844
2095 12517
2096 100830
2097 57636
2098 416134
2099 306699
2100 370854
2101 422914
2102 397677
2103 463827
2104 234035
2105 76608
2106 297749
2107 286396
2108 75477
2109 27920
2110 155059
2111 181126
2112 231305
2113 478483
2114 342138
2115 520151
2116 391883
2117 208172
2118 462710
2119 297000
2120 228654
2121 196952
2122 364322
2123 154137
2124 59216
2125 321251
2126 310365
2127 456170
2128 506186
2129 399769
2130 51418
2131 154560
2132 259723
2133 248977
2134 243191
2135 200052
2136 46702
2137 110182
2138 438419
2139 432683
2140 530180
2141 513476
2142 358541
2143 157509
2144 238404
2145 284094
2146 327390
2147 442612
2148 167906
2149 288975
2150 451312
2151 509182
2152 100464
2153 408319
2154 54586
2155 514085
2156 540637
2157 381119
2158 363549
2159 265247
2160 324311
2161 344070
2162 174771
2163 448537
2164 43061
2165 428236
2166 42943
2167 473702
2168 455517
2169 77068
2170 123520
2171 320672
2172 329394
2173 528282
2174 338978
2175 182693
2176 211512
2177 443987
2178 545622
2179 238342
2180 509842
2181 102995
2182 409548
2183 340504
2184 387039
2185 72998
2186 54519
2187 50856
2188 447824
2189 401712
2190 502679
2191 179250
2192 82630
2193 528913
2194 533612
2195 326871
2196 159228
2197 141774
2198 447710
2199 53826
2200 53423
2201 42714
2202 515102
2203 405757
2204 516151
2205 519368
2206 18658
2207 445426
2208 341343
2209 373838
2210 336734
2211 275938
2212 375705
2213 28928
2214 289605
2215 91358
2216 395165
2217 314114
2218 219067
2219 184061
2220 502410
2221 506800
2222 261291
2223 294019
2224 219969
2225 137396
2226 421343
2227 253649
2228 251603
2229 432662
2230 136663
2231 257121
2232 510181
2233 70507
2234 509911
2235 319477
2236 56011
2237 392863
2238 254941
2239 456684
2240 214125
2241 29152
2242 199413
2243 515895
2244 41397
2245 277453
2246 542552
2247 97801
2248 312877
2249 143603
2250 421076
2251 229607
2252 336457
2253 365176
2254 520360
2255 131344
2256 524601
2257 534130
2258 8779
2259 363944
2260 489911
2261 247826
2262 54603
2263 536301
2264 221420
2265 244857
2266 241379
2267 262046
2268 61473
2269 284284
2270 378729
2271 278511
2272 263085
2273 229373
2274 476666
2275 215573
2276 329940
2277 464260
2278 380525
2279 33805
2280 530854
2281 384194
2282 374184
2283 87471
2284 16597
2285 405288
2286 97076
2287 72199
2288 467893
2289 150122
2290 198056
2291 25765
2292 293978
2293 348250
2294 507988
2295 249088
2296 372399
2297 129477
2298 406929
2299 319517
2300 516593
2301 257192
2302 395386
2303 352650
2304 533744
2305 418545
2306 442282
2307 67637
2308 344156
2309 329022
2310 269109
2311 493335
2312 529521
2313 318377
2314 392079
2315 132899
2316 412588
2317 294171
2318 129032
2319 212761
2320 167782
2321 386421
2322 470804
2323 162396
2324 546120
2325 114759
2326 214598
2327 512945
2328 493553
2329 190360
2330 80461
2331 520256
2332 356774
2333 442935
2334 369159
2335 511051
2336 138255
2337 123090
2338 228258
2339 30227
2340 20233
2341 479823
2342 111594
2343 238739
2344 69438
2345 413773
2346 136258
2347 218758
2348 14932
2349 134595
2350 99160
2351 523270
2352 533939
2353 529142
2354 407423
2355 416958
2356 36654
2357 462308
2358 160435
2359 538881
2360 160306
2361 329497
2362 139853
2363 459529
2364 221399
2365 465786
2366 327576
2367 214317
2368 436776
2369 54780
2370 172865
2371 272851
2372 479525
2373 419099
2374 392550
2375 327027
2376 197758
2377 93733
2378 418045
2379 65243
2380 89363
2381 433510
2382 166325
2383 378616
2384 225548
2385 335776
2386 241016
2387 430353
2388 219528
2389 401959
2390 348947
2391 391757
2392 501870
2393 336856
2394 487981
2395 498065
2396 366201
2397 284786
2398 386763
2399 272351
2400 438755
2401 6877
2402 487194
2403 191398
2404 500140
2405 249173
2406 442058
2407 157973
2408 510422
2409 68871
2410 10734
2411 391981
2412 281417
2413 474692
2414 221596
2415 319176
2416 459807
2417 62813
2418 412902
2419 322634
2420 324584
2421 38472
2422 419688
2423 428850
2424 67055
2425 57337
2426 353478
2427 291303
2428 290971
2429 52150
2430 139247
2431 460748
2432 421043
2433 269249
2434 416929
2435 531543
2436 266166
2437 46911
2438 99755
2439 263726
2440 514182
2441 169510
2442 275452
2443 415327
2444 390358
2445 520082
2446 198671
2447 200664
2448 412331
2449 27027
2450 375196
2451 100259
2452 316409
2453 421756
2454 79886
2455 375700
2456 337522
2457 288016
2458 184223
2459 436977
2460 467754
2461 443528
2462 333957
2463 327976
2464 376608
2465 322160
2466 112541
2467 71734
2468 401096
2469 110527
2470 427914
2471 316315
2472 462454
2473 244521
2474 21158
2475 83076
2476 196000
2477 176629
2478 458885
2479 383747
2480 497741
2481 337241
2482 420520
2483 390010
2484 24328
2485 303705
2486 245941
2487 494201
2488 329635
2489 392698
2490 530220
2491 348986
2492 527511
2493 10543
2494 5591
2495 521459
2496 53326
2497 458393
2498 458828
2499 536119
2500 280612
2501 321069
2502 164661
2503 60559
2504 316084
2505 287274
2506 213937
2507 332470
2508 213713
2509 116652
2510 113234
2511 332672
2512 229124
2513 356722
2514 526581
2515 187608
2516 540873
2517 207304
2518 175267
2519 188116
2520 524695
2521 51377
2522 383868
2523 287650
2524 413507
2525 126843
2526 21051
2527 412364
2528 358272
2529 103631
2530 250208
2531 455458
2532 355942
2533 87279
2534 484398
2535 108644
2536 88760
2537 244583
2538 452316
2539 501459
2540 230314
2541 407399
2542 122256
2543 162427
2544 379695
2545 193902
2546 449941
2547 332629
2548 459834
2549 525697
2550 332746
2551 110897
2552 89898
2553 376625
2554 468214
2555 101814
2556 11416
2557 442213
2558 62986
2559 150996
2560 128208
2561 412760
2562 139923
2563 225022
2564 476462
2565 378594
2566 388788
2567 18641
2568 24534
2569 143039
2570 328825
2571 312096
2572 465097
2573 77211
2574 219375
2575 178553
2576 387687
2577 74187
2578 277590
2579 329263
2580 71265
2581 190429
2582 448325
2583 253684
2584 232354
2585 399840
2586 418032
2587 171148
2588 54860
2589 185420
2590 358534
2591 469921
2592 406880
2593 68730
2594 457785
2595 374332
2596 258162
2597 123177
2598 383233
2599 10111
2600 205843
2601 234855
2602 335439
2603 112093
2604 279129
2605 187171
2606 69442
2607 534554
2608 397108
2609 416035
2610 474028
2611 194923
2612 373822
2613 49965
2614 34144
2615 40990
2616 110039
2617 309868
