0(413249): 0(1.472602), 1(1.472602), 2(1.472602), 3(1.472602), 4(1.472602), 5(1.472602), 6(1.472602), 7(1.472602), 8(1.472602), 
1(38009): 
2(413257): 
3(342984): 
4(515761): 0(1.077202), 1(1.077202), 2(1.077202), 3(1.077202), 4(1.077202), 5(1.077202), 6(1.077202), 7(1.077202), 8(1.077202), 
5(115054): 0(0.663044), 1(0.663044), 2(0.663044), 3(0.663044), 4(0.663044), 5(0.663044), 6(0.663044), 7(0.663044), 8(0.663044), 
6(492137): 
7(278864): 
8(432850): 0(2.425911), 1(2.425911), 2(2.425911), 3(2.425911), 4(2.425911), 5(2.425911), 6(2.425911), 7(2.425911), 8(2.425911), 
9(369953): 
10(389547): 
11(31173): 
12(479602): 
13(99566): 
14(469927): 
15(82162): 
16(92669): 
