0(362616): 0(0.788261), 
1(338450): 0(0.961753), 
2(422092): 0(1.196388), 
3(446004): 0(1.055500), 
4(399903): 0(0.741171), 
5(469968): 0(1.319519), 
6(328880): 0(0.867734), 
7(390464): 0(0.413862), 
8(434233): 0(0.591186), 
9(232538): 0(0.828504), 
10(464728): 0(0.365490), 
11(310403): 0(0.365450), 
12(247254): 
13(252836): 0(1.115581), 
14(5208): 0(0.606356), 
15(42732): 0(0.405881), 
16(219094): 0(0.434982), 
17(410172): 0(0.390817), 
18(99684): 0(0.576772), 
19(386468): 0(0.459332), 
20(223919): 
21(420903): 
22(143299): 1(0.527573), 3(1.460511), 
23(521639): 3(1.497155), 
24(167382): 3(0.871295), 
25(201745): 3(3.905589), 
26(222799): 2(1.412622), 3(0.607145), 
27(416982): 2(10.628386), 3(1.887507), 
28(117261): 2(0.419582), 
29(76957): 3(0.721368), 
30(462544): 
31(50077): 0(0.428500), 
32(187418): 
33(324951): 
34(126278): 
35(464994): 
36(454321): 
37(343412): 1(6.768373), 
38(489414): 1(14.389729), 2(3.614928), 
39(272148): 1(4.157515), 
40(458374): 1(0.997535), 
41(436556): 1(3.645792), 2(14.234402), 
42(396443): 
43(162503): 
44(180614): 2(1.709784), 
45(440723): 
46(334802): 
47(358945): 
48(385185): 
49(25930): 
