iter  precision  recall
1  0.000000  0.000000
2  0.000000  0.000000
3  0.000000  0.000000
4  0.000000  0.000000
5  0.000000  0.000000
6  0.000000  0.000000
7  0.000000  0.000000
8  0.000000  0.000000
9  0.000000  0.000000
10  0.000000  0.000000
11  0.000000  0.000000
12  0.000000  0.000000
13  0.000000  0.000000
14  0.000000  0.000000
15  0.000000  0.000000
16  0.000000  0.000000
17  0.000000  0.000000
18  0.000000  0.000000
19  0.000000  0.000000
20  0.000000  0.000000
21  0.000000  0.000000
22  0.000000  0.000000
23  0.000000  0.000000
24  0.000000  0.000000
25  0.000000  0.000000
26  0.000000  0.000000
27  0.000000  0.000000
28  0.000000  0.000000
29  0.000000  0.000000
30  0.033333  0.000430
31  0.032258  0.000430
32  0.062500  0.000861
33  0.060606  0.000861
34  0.058824  0.000861
35  0.057143  0.000861
36  0.083333  0.001291
37  0.108108  0.001721
38  0.105263  0.001721
39  0.102564  0.001721
40  0.100000  0.001721
41  0.097561  0.001721
42  0.095238  0.001721
43  0.093023  0.001721
44  0.113636  0.002151
45  0.111111  0.002151
46  0.130435  0.002582
47  0.127660  0.002582
48  0.125000  0.002582
49  0.142857  0.003012
50  0.140000  0.003012
51  0.156863  0.003442
52  0.153846  0.003442
53  0.150943  0.003442
54  0.148148  0.003442
55  0.145455  0.003442
56  0.142857  0.003442
57  0.140351  0.003442
58  0.137931  0.003442
59  0.135593  0.003442
60  0.133333  0.003442
61  0.131148  0.003442
62  0.129032  0.003442
63  0.142857  0.003873
64  0.140625  0.003873
65  0.138462  0.003873
66  0.136364  0.003873
67  0.134328  0.003873
68  0.132353  0.003873
69  0.130435  0.003873
70  0.128571  0.003873
71  0.126761  0.003873
72  0.125000  0.003873
73  0.123288  0.003873
74  0.121622  0.003873
75  0.120000  0.003873
76  0.118421  0.003873
77  0.116883  0.003873
78  0.115385  0.003873
79  0.113924  0.003873
80  0.112500  0.003873
81  0.111111  0.003873
82  0.121951  0.004303
83  0.120482  0.004303
84  0.119048  0.004303
85  0.117647  0.004303
86  0.116279  0.004303
87  0.114943  0.004303
88  0.113636  0.004303
89  0.112360  0.004303
90  0.111111  0.004303
91  0.109890  0.004303
92  0.108696  0.004303
93  0.107527  0.004303
94  0.106383  0.004303
95  0.105263  0.004303
96  0.104167  0.004303
97  0.103093  0.004303
98  0.102041  0.004303
99  0.101010  0.004303
100  0.100000  0.004303
101  0.099010  0.004303
102  0.098039  0.004303
103  0.097087  0.004303
104  0.096154  0.004303
105  0.095238  0.004303
106  0.094340  0.004303
107  0.093458  0.004303
108  0.092593  0.004303
109  0.091743  0.004303
110  0.090909  0.004303
111  0.090090  0.004303
112  0.089286  0.004303
113  0.088496  0.004303
114  0.087719  0.004303
115  0.086957  0.004303
116  0.086207  0.004303
117  0.085470  0.004303
118  0.084746  0.004303
119  0.084034  0.004303
120  0.083333  0.004303
121  0.082645  0.004303
122  0.081967  0.004303
123  0.081301  0.004303
124  0.080645  0.004303
125  0.080000  0.004303
126  0.079365  0.004303
127  0.078740  0.004303
128  0.078125  0.004303
129  0.077519  0.004303
130  0.076923  0.004303
131  0.076336  0.004303
132  0.075758  0.004303
133  0.075188  0.004303
134  0.074627  0.004303
135  0.074074  0.004303
136  0.073529  0.004303
137  0.072993  0.004303
138  0.072464  0.004303
139  0.071942  0.004303
140  0.071429  0.004303
141  0.070922  0.004303
142  0.077465  0.004733
143  0.076923  0.004733
144  0.076389  0.004733
145  0.075862  0.004733
146  0.075342  0.004733
147  0.074830  0.004733
148  0.074324  0.004733
149  0.073826  0.004733
150  0.073333  0.004733
151  0.072848  0.004733
152  0.072368  0.004733
153  0.078431  0.005164
154  0.077922  0.005164
155  0.077419  0.005164
156  0.076923  0.005164
157  0.076433  0.005164
158  0.075949  0.005164
159  0.081761  0.005594
160  0.081250  0.005594
161  0.080745  0.005594
162  0.086420  0.006024
163  0.092025  0.006454
164  0.091463  0.006454
165  0.096970  0.006885
166  0.096386  0.006885
167  0.095808  0.006885
168  0.095238  0.006885
169  0.094675  0.006885
170  0.094118  0.006885
171  0.093567  0.006885
172  0.093023  0.006885
173  0.092486  0.006885
174  0.091954  0.006885
175  0.091429  0.006885
176  0.090909  0.006885
177  0.090395  0.006885
178  0.089888  0.006885
179  0.089385  0.006885
180  0.088889  0.006885
181  0.088398  0.006885
182  0.087912  0.006885
183  0.087432  0.006885
184  0.086957  0.006885
185  0.091892  0.007315
186  0.091398  0.007315
187  0.090909  0.007315
188  0.090426  0.007315
189  0.089947  0.007315
190  0.089474  0.007315
191  0.089005  0.007315
192  0.088542  0.007315
193  0.088083  0.007315
194  0.087629  0.007315
195  0.087179  0.007315
196  0.086735  0.007315
197  0.086294  0.007315
198  0.085859  0.007315
199  0.085427  0.007315
200  0.085000  0.007315
201  0.084577  0.007315
202  0.084158  0.007315
203  0.083744  0.007315
204  0.083333  0.007315
205  0.082927  0.007315
206  0.082524  0.007315
207  0.082126  0.007315
208  0.081731  0.007315
209  0.081340  0.007315
210  0.080952  0.007315
211  0.080569  0.007315
212  0.080189  0.007315
213  0.079812  0.007315
214  0.079439  0.007315
215  0.079070  0.007315
216  0.078704  0.007315
217  0.078341  0.007315
218  0.077982  0.007315
219  0.077626  0.007315
220  0.077273  0.007315
221  0.076923  0.007315
222  0.076577  0.007315
223  0.076233  0.007315
224  0.075893  0.007315
225  0.075556  0.007315
226  0.075221  0.007315
227  0.074890  0.007315
228  0.074561  0.007315
229  0.074236  0.007315
230  0.073913  0.007315
231  0.073593  0.007315
232  0.073276  0.007315
233  0.072961  0.007315
234  0.072650  0.007315
235  0.072340  0.007315
236  0.072034  0.007315
237  0.071730  0.007315
238  0.071429  0.007315
239  0.071130  0.007315
240  0.070833  0.007315
241  0.070539  0.007315
242  0.070248  0.007315
243  0.069959  0.007315
244  0.069672  0.007315
245  0.069388  0.007315
246  0.073171  0.007745
247  0.072874  0.007745
248  0.072581  0.007745
249  0.072289  0.007745
250  0.072000  0.007745
251  0.071713  0.007745
252  0.071429  0.007745
253  0.071146  0.007745
254  0.070866  0.007745
255  0.070588  0.007745
256  0.070312  0.007745
257  0.070039  0.007745
258  0.069767  0.007745
259  0.069498  0.007745
260  0.073077  0.008176
261  0.072797  0.008176
262  0.072519  0.008176
263  0.072243  0.008176
264  0.071970  0.008176
265  0.071698  0.008176
266  0.071429  0.008176
267  0.071161  0.008176
268  0.070896  0.008176
269  0.074349  0.008606
270  0.074074  0.008606
271  0.073801  0.008606
272  0.073529  0.008606
273  0.073260  0.008606
274  0.072993  0.008606
275  0.072727  0.008606
276  0.072464  0.008606
277  0.072202  0.008606
278  0.071942  0.008606
279  0.071685  0.008606
280  0.071429  0.008606
281  0.071174  0.008606
282  0.070922  0.008606
283  0.070671  0.008606
284  0.070423  0.008606
285  0.073684  0.009036
286  0.073427  0.009036
287  0.073171  0.009036
288  0.072917  0.009036
289  0.072664  0.009036
290  0.075862  0.009466
291  0.075601  0.009466
292  0.075342  0.009466
293  0.075085  0.009466
294  0.074830  0.009466
295  0.074576  0.009466
296  0.074324  0.009466
297  0.077441  0.009897
298  0.080537  0.010327
299  0.080268  0.010327
300  0.080000  0.010327
301  0.079734  0.010327
302  0.079470  0.010327
303  0.079208  0.010327
304  0.078947  0.010327
305  0.078689  0.010327
306  0.078431  0.010327
307  0.078176  0.010327
308  0.077922  0.010327
309  0.077670  0.010327
310  0.077419  0.010327
311  0.077170  0.010327
312  0.076923  0.010327
313  0.076677  0.010327
314  0.076433  0.010327
315  0.076190  0.010327
316  0.075949  0.010327
317  0.075710  0.010327
318  0.075472  0.010327
319  0.075235  0.010327
320  0.075000  0.010327
321  0.074766  0.010327
322  0.074534  0.010327
323  0.074303  0.010327
324  0.074074  0.010327
325  0.073846  0.010327
326  0.073620  0.010327
327  0.073394  0.010327
328  0.073171  0.010327
329  0.072948  0.010327
330  0.072727  0.010327
331  0.072508  0.010327
332  0.072289  0.010327
333  0.072072  0.010327
334  0.074850  0.010757
335  0.074627  0.010757
336  0.074405  0.010757
337  0.074184  0.010757
338  0.073964  0.010757
339  0.073746  0.010757
340  0.073529  0.010757
341  0.073314  0.010757
342  0.073099  0.010757
343  0.072886  0.010757
344  0.075581  0.011188
345  0.075362  0.011188
346  0.075145  0.011188
347  0.074928  0.011188
348  0.074713  0.011188
349  0.074499  0.011188
350  0.074286  0.011188
351  0.074074  0.011188
352  0.073864  0.011188
353  0.073654  0.011188
354  0.073446  0.011188
355  0.073239  0.011188
356  0.073034  0.011188
357  0.072829  0.011188
358  0.072626  0.011188
359  0.075209  0.011618
360  0.077778  0.012048
361  0.077562  0.012048
362  0.077348  0.012048
363  0.077135  0.012048
364  0.076923  0.012048
365  0.076712  0.012048
366  0.076503  0.012048
367  0.076294  0.012048
368  0.076087  0.012048
369  0.075881  0.012048
370  0.075676  0.012048
371  0.075472  0.012048
372  0.075269  0.012048
373  0.075067  0.012048
374  0.074866  0.012048
375  0.074667  0.012048
376  0.074468  0.012048
377  0.074271  0.012048
378  0.074074  0.012048
379  0.073879  0.012048
380  0.073684  0.012048
381  0.073491  0.012048
382  0.075916  0.012478
383  0.075718  0.012478
384  0.075521  0.012478
385  0.075325  0.012478
386  0.077720  0.012909
387  0.077519  0.012909
388  0.079897  0.013339
389  0.079692  0.013339
390  0.079487  0.013339
391  0.079284  0.013339
392  0.079082  0.013339
393  0.078880  0.013339
394  0.078680  0.013339
395  0.078481  0.013339
396  0.080808  0.013769
397  0.080605  0.013769
398  0.082915  0.014200
399  0.082707  0.014200
400  0.082500  0.014200
401  0.082294  0.014200
402  0.082090  0.014200
403  0.081886  0.014200
404  0.081683  0.014200
405  0.081481  0.014200
406  0.081281  0.014200
407  0.081081  0.014200
408  0.083333  0.014630
409  0.083130  0.014630
410  0.085366  0.015060
411  0.087591  0.015491
412  0.087379  0.015491
413  0.087167  0.015491
414  0.086957  0.015491
415  0.086747  0.015491
416  0.088942  0.015921
417  0.088729  0.015921
418  0.088517  0.015921
419  0.088305  0.015921
420  0.090476  0.016351
421  0.090261  0.016351
422  0.090047  0.016351
423  0.089835  0.016351
424  0.089623  0.016351
425  0.089412  0.016351
426  0.089202  0.016351
427  0.088993  0.016351
428  0.088785  0.016351
429  0.090909  0.016781
430  0.090698  0.016781
431  0.090487  0.016781
432  0.090278  0.016781
433  0.092379  0.017212
434  0.092166  0.017212
435  0.091954  0.017212
436  0.091743  0.017212
437  0.093822  0.017642
438  0.093607  0.017642
439  0.095672  0.018072
440  0.095455  0.018072
441  0.095238  0.018072
442  0.095023  0.018072
443  0.094808  0.018072
444  0.094595  0.018072
445  0.094382  0.018072
446  0.094170  0.018072
447  0.096197  0.018503
448  0.098214  0.018933
449  0.097996  0.018933
450  0.097778  0.018933
451  0.097561  0.018933
452  0.097345  0.018933
453  0.097130  0.018933
454  0.096916  0.018933
455  0.098901  0.019363
456  0.098684  0.019363
457  0.098468  0.019363
458  0.098253  0.019363
459  0.098039  0.019363
460  0.097826  0.019363
461  0.097614  0.019363
462  0.097403  0.019363
463  0.097192  0.019363
464  0.099138  0.019793
465  0.098925  0.019793
466  0.098712  0.019793
467  0.098501  0.019793
468  0.098291  0.019793
469  0.098081  0.019793
470  0.097872  0.019793
471  0.097665  0.019793
472  0.099576  0.020224
473  0.099366  0.020224
474  0.099156  0.020224
475  0.098947  0.020224
476  0.098739  0.020224
477  0.100629  0.020654
478  0.102510  0.021084
479  0.104384  0.021515
480  0.104167  0.021515
481  0.103950  0.021515
482  0.103734  0.021515
483  0.103520  0.021515
484  0.103306  0.021515
485  0.103093  0.021515
486  0.102881  0.021515
487  0.102669  0.021515
488  0.102459  0.021515
489  0.102249  0.021515
490  0.102041  0.021515
491  0.101833  0.021515
492  0.101626  0.021515
493  0.101420  0.021515
494  0.101215  0.021515
495  0.101010  0.021515
496  0.100806  0.021515
497  0.100604  0.021515
498  0.102410  0.021945
499  0.102204  0.021945
500  0.104000  0.022375
