0(375901): 
1(101617): 
2(419009): 1(0.966137), 2(0.966137), 3(0.966137), 6(0.966137), 
3(40369): 
4(442876): 0(1.927933), 4(2.062956), 5(1.927933), 
5(253870): 0(0.909982), 5(0.909982), 
6(277405): 4(2.842679), 
7(512147): 0(4.861210), 5(4.861210), 
8(203633): 0(20.534770), 1(0.972097), 2(0.972097), 3(0.972097), 5(20.534770), 6(0.972097), 
9(495292): 
10(22085): 
11(301867): 
12(528715): 0(14.690664), 5(14.690664), 
13(64287): 
14(491554): 1(0.857534), 2(0.857534), 3(0.857534), 6(0.857534), 
15(485105): 1(3.464324), 2(3.464324), 3(3.464324), 6(3.464324), 
16(437660): 4(1.976636), 
17(389962): 
18(81778): 
19(521899): 
20(464666): 
21(42805): 
22(189109): 
23(291669): 4(0.570203), 
24(481138): 4(0.465062), 
25(67454): 
26(271928): 1(0.544345), 2(0.544345), 3(0.544345), 6(0.544345), 
27(278169): 4(0.397589), 
28(541873): 
29(312146): 
30(170756): 
31(222584): 
32(363363): 
33(483882): 
34(500980): 
35(120388): 
36(207118): 
37(192310): 
38(247467): 
39(155770): 
40(195156): 4(0.469987), 
41(528062): 
42(444920): 
