0(519013): 
1(127345): 
2(56052): 
3(536830): 
4(343242): 
5(76881): 
6(98332): 
7(74439): 
8(99373): 
9(363926): 0(0.215982), 
10(421557): 0(1.563504), 
11(139089): 0(1.539919), 
12(210992): 0(2.168238), 
13(367285): 0(0.946338), 
14(228831): 2(0.401096), 
15(121270): 2(0.420392), 
16(182430): 2(1.122991), 
17(432937): 
18(193790): 2(1.246326), 
19(412670): 2(0.236898), 
20(205319): 2(1.181524), 
21(358034): 1(0.977233), 
22(328155): 
23(191487): 
24(55043): 1(0.324312), 
25(38444): 1(0.678022), 
26(416846): 1(0.317890), 
27(162652): 1(0.574351), 
28(141711): 
29(181953): 1(0.447865), 
30(381003): 
31(23465): 
32(28053): 
33(311872): 
34(168720): 2(1.407354), 
35(5238): 2(0.375482), 
36(317603): 2(0.370375), 
37(168715): 2(0.381005), 
38(382724): 2(0.370354), 
39(261558): 2(0.932321), 
40(406305): 2(1.006213), 
41(471009): 2(0.375628), 
42(406909): 2(0.375712), 
43(494860): 2(0.769207), 
44(445716): 2(1.855019), 
45(25749): 2(0.375594), 
46(229510): 2(1.553847), 
47(309573): 2(0.378510), 
48(26373): 
49(73400): 
50(71736): 
51(4829): 
52(333916): 
53(494481): 
54(107972): 
55(70955): 
56(67464): 0(1.215074), 
57(131211): 
58(452884): 
59(3833): 
60(335763): 
61(184458): 
62(420427): 
63(396649): 
64(215955): 
65(400523): 
66(188073): 
67(189959): 
68(131182): 
69(101019): 
70(195210): 
71(98269): 
72(223061): 
73(434966): 
74(504305): 
75(163920): 0(0.778112), 
76(235970): 0(1.686723), 
77(114473): 0(0.511778), 
78(212553): 0(0.253756), 
79(234271): 
80(103544): 
81(65008): 0(0.239970), 
82(426269): 
83(220330): 0(0.235156), 
84(423859): 0(0.215472), 
85(23916): 
86(189013): 0(0.243812), 
87(475581): 0(0.550974), 
88(6579): 
89(100477): 
90(210020): 0(0.258146), 
91(517224): 0(0.244990), 
92(433843): 0(0.613161), 
93(61178): 0(0.259901), 
94(373188): 0(0.563248), 
95(356384): 0(0.348757), 
96(200044): 
97(451671): 
98(279216): 1(0.414962), 
99(142427): 1(0.653070), 
100(120380): 1(0.514589), 
101(19341): 
102(91592): 1(0.307871), 
103(306781): 
104(33812): 
105(389871): 0(0.259909), 
106(53117): 
107(47744): 0(0.248508), 1(0.599108), 
108(67395): 1(0.822142), 
109(408495): 
110(201684): 
111(520121): 
112(105619): 
113(23890): 
114(368176): 0(0.213501), 
115(60349): 
116(445441): 0(0.215965), 
117(131093): 
118(156691): 
119(200271): 0(0.287015), 
120(215914): 
121(66096): 0(0.838098), 1(0.396078), 
122(203903): 0(0.266778), 
123(135702): 1(0.593944), 
124(250182): 0(0.220508), 
125(324785): 1(0.590721), 
126(332188): 
127(522750): 
128(320128): 2(0.365371), 
129(254263): 2(0.624402), 
130(349055): 
131(472722): 
132(511237): 
133(217230): 
134(328468): 
135(403255): 
136(49761): 
137(444750): 0(0.266849), 
138(515659): 1(0.297249), 
139(397590): 
140(342669): 
141(327890): 
142(460870): 0(0.259855), 
143(352079): 
144(228537): 
145(544898): 
146(386336): 
147(58829): 1(0.245146), 
148(86910): 2(0.365444), 
149(122915): 
150(327818): 
151(539125): 2(0.365161), 
152(366555): 
