0(513131): 
1(478674): 
2(333628): 
3(273174): 0(4.007581), 1(4.007581), 2(4.007581), 
4(334780): 
5(8384): 
6(449166): 
7(78161): 
8(473141): 
9(498010): 
10(187702): 
11(146709): 0(17.303879), 1(17.303879), 2(17.303879), 
12(352715): 
13(159374): 
14(376728): 
15(384262): 
16(400669): 
17(99690): 
18(441673): 0(0.405208), 1(0.405208), 2(0.405208), 
19(297650): 0(0.404912), 1(0.404912), 2(0.404912), 
20(318902): 
21(234734): 
22(301723): 0(0.799953), 1(0.799953), 2(0.799953), 
23(52832): 
24(493308): 
25(296855): 
26(304234): 
27(94146): 
28(224194): 
