0(412163): 
1(318212): 
2(186022): 
3(401798): 
4(346322): 
5(435398): 
6(329078): 1(0.271857), 
7(309411): 1(0.430980), 
8(522378): 1(0.272961), 
9(434830): 1(0.325989), 
10(541690): 1(0.280392), 
11(252719): 1(0.262524), 
12(64879): 1(0.321882), 
13(539292): 3(0.112469), 
14(108892): 3(0.324473), 
15(279830): 3(0.810897), 
16(268123): 3(0.115573), 
17(394886): 3(0.555634), 
18(343306): 
19(205838): 
20(542633): 
21(277617): 
22(482584): 
23(273775): 
24(137050): 
25(271643): 3(0.550082), 
26(123159): 3(0.231685), 
27(366824): 
28(127262): 1(0.635275), 
29(318538): 
30(300975): 
31(154509): 
32(151849): 
33(330328): 
34(447892): 
35(92472): 
36(314719): 
37(67572): 
38(208714): 
39(429708): 
40(116969): 
41(166549): 
42(543516): 
43(34895): 
44(190765): 3(0.335462), 
45(428737): 3(0.162610), 
46(176159): 3(0.291950), 
47(475666): 3(0.330766), 
48(230788): 3(0.631929), 
49(19509): 3(0.801802), 
50(373756): 3(0.365197), 
51(150207): 3(0.334819), 
52(258382): 
53(115533): 
54(449985): 3(0.179649), 
55(314250): 
56(335183): 
57(127199): 
58(93356): 
59(191775): 
60(535477): 
61(414657): 
62(196008): 
63(186386): 
64(123953): 3(0.381044), 
65(49424): 
66(385399): 
67(325052): 
68(379102): 
69(124992): 
70(460073): 
71(30093): 
72(244578): 3(0.167305), 
73(204126): 3(0.187398), 
74(205676): 
75(116096): 
76(294393): 3(0.621269), 
77(536482): 
78(95427): 1(0.140144), 
79(383087): 1(0.707976), 
80(229209): 1(1.299965), 
81(458993): 1(0.895855), 
82(43379): 
83(98081): 1(0.166483), 
84(38265): 1(0.366771), 
85(29354): 3(0.141933), 
86(521655): 3(0.655083), 
87(98199): 3(0.130470), 
88(142115): 
89(530647): 
90(504199): 1(0.331175), 
91(401268): 1(0.542061), 
92(287524): 1(0.432571), 
93(30690): 1(0.431686), 
94(217871): 1(0.673500), 
95(512729): 1(0.386192), 
96(275237): 1(0.224150), 
97(30398): 1(0.329008), 
98(523046): 
99(370416): 3(0.121546), 
100(470620): 
101(401449): 
102(499583): 3(0.141018), 
103(74895): 3(0.138708), 
104(199759): 
105(46508): 
106(298507): 
107(489905): 
108(392463): 
109(336905): 
110(432229): 
111(120615): 1(0.164395), 
112(225233): 1(0.164451), 
113(204966): 1(0.158009), 
114(77701): 1(0.164480), 
115(541122): 1(0.210201), 
116(2486): 
117(476448): 3(0.361518), 
118(242933): 3(0.193004), 
119(363079): 
120(361524): 3(0.405812), 
121(52785): 3(0.194271), 
122(80379): 
123(111376): 3(0.158826), 
124(350442): 3(0.160630), 
125(153979): 3(0.160627), 
126(19999): 3(0.310358), 
127(185822): 3(0.149134), 
128(478676): 3(0.194556), 
129(18041): 3(0.327351), 
130(209480): 3(0.148574), 
131(504784): 3(0.151084), 
132(71187): 
133(373799): 3(0.415226), 
134(473001): 
135(30688): 
136(59759): 
137(256445): 
138(176184): 
139(377247): 1(0.432927), 
140(277024): 
141(261562): 1(0.412121), 
142(276567): 
143(306636): 
144(141618): 
145(535762): 1(0.180863), 
146(59285): 1(0.336725), 
147(294679): 
148(80756): 
149(448649): 3(0.147339), 
150(161737): 3(0.139570), 
151(186827): 
152(187924): 
153(198973): 
154(60211): 
155(482986): 3(0.151741), 
156(518306): 
157(440745): 
158(193240): 3(0.150426), 
159(295177): 3(0.362635), 
160(265066): 3(0.161489), 
161(141635): 3(0.111736), 
162(30962): 3(0.246063), 
163(127928): 
164(236947): 3(0.156529), 
165(179698): 
166(246180): 1(0.234931), 
167(417521): 1(0.404946), 
168(221281): 1(1.238376), 
169(433190): 1(0.393728), 
170(202986): 1(0.415330), 
171(345901): 1(0.533637), 
172(502212): 1(1.146335), 
173(85524): 3(0.121582), 
174(280255): 3(0.297492), 
175(29586): 
176(173727): 
177(120699): 3(0.160626), 
178(203272): 3(0.227401), 
179(366654): 
180(83906): 
181(326849): 
182(14686): 
183(497867): 
184(470004): 
185(340331): 
186(299611): 1(0.225728), 
187(419862): 1(0.220623), 
188(152407): 1(0.327650), 
189(365354): 
190(108259): 3(0.125922), 
191(321619): 
192(423864): 1(0.126714), 
193(75780): 1(0.118904), 
194(119359): 
195(166566): 
196(186575): 3(0.191883), 
197(272735): 3(0.119254), 
198(503684): 
199(222414): 3(0.113094), 
200(485080): 
201(84839): 
202(326211): 
203(317367): 3(0.169287), 
204(79870): 3(0.162619), 
205(52511): 
206(326093): 
207(519686): 
208(278): 
209(45362): 
210(462210): 
211(252125): 
212(418177): 1(0.228780), 
213(104553): 1(0.227874), 
214(527792): 
215(182923): 
216(99026): 
217(51157): 
218(296069): 1(0.224838), 
219(149809): 
220(380338): 
221(51902): 
222(390680): 
223(275861): 
224(371029): 3(0.372490), 
225(402379): 3(0.234155), 
226(298254): 
227(447224): 3(0.147048), 
228(500473): 3(0.235611), 
229(317146): 
230(448214): 
231(263317): 
232(59912): 
233(230262): 1(0.142726), 
234(109222): 
235(35067): 
236(310851): 
237(404948): 3(0.162859), 
238(122517): 
239(33710): 
240(374874): 
241(511278): 3(0.112969), 
242(396502): 3(0.233408), 
243(285549): 
244(296111): 3(0.229036), 
245(181025): 
246(67016): 
247(172218): 
248(301761): 1(0.174006), 
249(496201): 1(0.172505), 
250(52500): 
251(33251): 1(0.178140), 
252(127821): 
253(272957): 
254(70522): 1(0.174013), 
255(443731): 
256(154202): 
257(299055): 
258(277713): 
259(231620): 
260(110453): 
261(60627): 
262(38671): 3(0.368569), 
263(181492): 3(0.155091), 
264(42473): 3(0.116761), 
265(219603): 
266(84285): 
267(383731): 
268(338128): 
269(145797): 
270(511689): 
271(293587): 
272(285669): 
273(394703): 
274(138024): 
275(250046): 
276(273209): 
277(123681): 
278(211967): 3(0.155345), 
279(365309): 
280(430314): 3(0.140183), 
281(168941): 
282(427507): 
283(216422): 
284(313307): 1(0.357788), 
285(182201): 1(0.290204), 
286(289953): 1(0.343299), 
287(353264): 1(0.412288), 
288(355378): 1(0.247476), 
289(443332): 1(0.240338), 
290(347716): 1(0.240296), 
291(85871): 
292(423198): 
293(84693): 
294(310236): 3(0.113872), 
295(495476): 
296(393031): 
297(504412): 
298(226541): 
299(384330): 
300(446298): 3(0.152485), 
301(182435): 3(0.152780), 
302(403034): 
303(423306): 3(0.193866), 
304(59532): 
305(370979): 3(0.112974), 
306(416162): 1(0.244878), 
307(263093): 1(0.287062), 
308(68495): 
309(295752): 3(0.114869), 
310(119854): 
311(409356): 
312(471336): 
313(104481): 
314(334788): 
315(376985): 
316(491667): 
317(451931): 
318(313006): 3(0.158933), 
319(96125): 
320(12959): 3(0.113652), 
321(426835): 
322(112056): 
323(217346): 
324(484561): 
325(451488): 
326(399572): 
327(45561): 
328(59613): 
329(83510): 
330(428993): 
331(287582): 
332(21786): 
333(197919): 
334(440989): 
335(452208): 
336(326874): 
337(417198): 
338(35308): 
339(4328): 
340(304727): 
