0(430888): 0(1.220076), 
1(419560): 
2(80778): 0(3.628282), 1(7.862724), 
3(416431): 1(18.261877), 
4(268629): 0(0.497158), 
5(466842): 0(0.497647), 
6(111606): 
7(8753): 
8(262879): 0(1.261893), 1(1.746100), 
9(467133): 0(0.337133), 
10(331825): 
11(183233): 
12(428248): 
13(452257): 1(30.559894), 
14(132794): 0(0.497866), 
15(174472): 0(3.126741), 1(1.591175), 
16(292797): 
17(49082): 
18(517285): 
19(316846): 
20(73772): 
21(287106): 
22(56222): 
23(104911): 0(0.450564), 2(0.507045), 
24(376852): 2(8.071410), 
25(539186): 2(3.576376), 
26(36712): 
27(18059): 2(0.425748), 
28(112494): 0(2.934860), 
29(292405): 
30(511848): 
31(425287): 
32(440380): 0(0.834237), 
33(411592): 2(0.344089), 
34(133831): 2(0.354690), 
35(424508): 2(2.461828), 
36(538944): 2(0.765986), 
37(336749): 2(0.338128), 
38(145503): 2(0.338141), 
39(158753): 
40(219575): 
41(293009): 2(2.051904), 
42(539854): 
43(308357): 
44(276958): 
45(432003): 
46(86359): 
47(281468): 
48(73833): 1(0.494409), 
49(201407): 1(0.494492), 
50(6688): 1(0.494792), 
51(259625): 1(0.494135), 
52(285560): 1(0.494408), 
53(87027): 
54(512971): 
55(307520): 
56(255586): 
57(429700): 
58(204880): 
