0 430888
1 419560
2 80778
3 416431
4 268629
5 466842
6 111606
7 8753
8 262879
9 467133
10 331825
11 183233
12 428248
13 452257
14 132794
15 174472
16 292797
17 49082
18 517285
19 316846
20 73772
21 287106
22 56222
23 104911
24 376852
25 539186
26 36712
27 18059
28 112494
29 292405
30 511848
31 425287
32 440380
33 411592
34 133831
35 424508
36 538944
37 336749
38 145503
39 158753
40 219575
41 293009
42 539854
43 308357
44 276958
45 432003
46 86359
47 281468
48 73833
49 201407
50 6688
51 259625
52 285560
53 87027
54 512971
55 307520
56 255586
57 429700
58 204880
