iter  precision  recall
1  0.000000  0.000000
2  0.000000  0.000000
3  0.000000  0.000000
4  0.000000  0.000000
5  0.000000  0.000000
6  0.000000  0.000000
7  0.000000  0.000000
8  0.000000  0.000000
9  0.000000  0.000000
10  0.000000  0.000000
11  0.000000  0.000000
12  0.000000  0.000000
13  0.000000  0.000000
14  0.000000  0.000000
15  0.000000  0.000000
16  0.000000  0.000000
17  0.000000  0.000000
18  0.000000  0.000000
19  0.000000  0.000000
20  0.000000  0.000000
21  0.000000  0.000000
22  0.000000  0.000000
23  0.000000  0.000000
24  0.000000  0.000000
25  0.000000  0.000000
26  0.000000  0.000000
27  0.000000  0.000000
28  0.000000  0.000000
29  0.000000  0.000000
30  0.000000  0.000000
31  0.000000  0.000000
32  0.000000  0.000000
33  0.000000  0.000000
34  0.000000  0.000000
35  0.000000  0.000000
36  0.000000  0.000000
37  0.000000  0.000000
38  0.000000  0.000000
39  0.000000  0.000000
40  0.000000  0.000000
41  0.000000  0.000000
42  0.000000  0.000000
43  0.000000  0.000000
44  0.000000  0.000000
45  0.000000  0.000000
46  0.000000  0.000000
47  0.000000  0.000000
48  0.000000  0.000000
49  0.020408  0.000338
50  0.040000  0.000675
51  0.039216  0.000675
52  0.038462  0.000675
53  0.037736  0.000675
54  0.037037  0.000675
55  0.036364  0.000675
56  0.035714  0.000675
57  0.035088  0.000675
58  0.034483  0.000675
59  0.033898  0.000675
60  0.033333  0.000675
61  0.032787  0.000675
62  0.032258  0.000675
63  0.031746  0.000675
64  0.031250  0.000675
65  0.030769  0.000675
66  0.030303  0.000675
67  0.029851  0.000675
68  0.029412  0.000675
69  0.028986  0.000675
70  0.028571  0.000675
71  0.028169  0.000675
72  0.027778  0.000675
73  0.027397  0.000675
74  0.027027  0.000675
75  0.026667  0.000675
76  0.026316  0.000675
77  0.025974  0.000675
78  0.025641  0.000675
79  0.025316  0.000675
80  0.025000  0.000675
81  0.024691  0.000675
82  0.024390  0.000675
83  0.024096  0.000675
84  0.023810  0.000675
85  0.023529  0.000675
86  0.023256  0.000675
87  0.022989  0.000675
88  0.022727  0.000675
89  0.022472  0.000675
90  0.022222  0.000675
91  0.021978  0.000675
92  0.021739  0.000675
93  0.021505  0.000675
94  0.021277  0.000675
95  0.021053  0.000675
96  0.020833  0.000675
97  0.020619  0.000675
98  0.020408  0.000675
99  0.020202  0.000675
100  0.020000  0.000675
101  0.019802  0.000675
102  0.019608  0.000675
103  0.029126  0.001013
104  0.028846  0.001013
105  0.028571  0.001013
106  0.028302  0.001013
107  0.028037  0.001013
108  0.027778  0.001013
109  0.027523  0.001013
110  0.027273  0.001013
111  0.027027  0.001013
112  0.026786  0.001013
113  0.026549  0.001013
114  0.026316  0.001013
115  0.026087  0.001013
116  0.025862  0.001013
117  0.025641  0.001013
118  0.025424  0.001013
119  0.025210  0.001013
120  0.025000  0.001013
121  0.024793  0.001013
122  0.024590  0.001013
123  0.032520  0.001350
124  0.032258  0.001350
125  0.032000  0.001350
126  0.031746  0.001350
127  0.031496  0.001350
128  0.031250  0.001350
129  0.031008  0.001350
130  0.030769  0.001350
131  0.030534  0.001350
132  0.030303  0.001350
133  0.030075  0.001350
134  0.029851  0.001350
135  0.029630  0.001350
136  0.029412  0.001350
137  0.029197  0.001350
138  0.028986  0.001350
139  0.028777  0.001350
140  0.028571  0.001350
141  0.028369  0.001350
142  0.028169  0.001350
143  0.027972  0.001350
144  0.027778  0.001350
145  0.027586  0.001350
146  0.027397  0.001350
147  0.027211  0.001350
148  0.027027  0.001350
149  0.026846  0.001350
150  0.026667  0.001350
151  0.026490  0.001350
152  0.026316  0.001350
153  0.026144  0.001350
154  0.025974  0.001350
155  0.025806  0.001350
156  0.025641  0.001350
157  0.025478  0.001350
158  0.025316  0.001350
159  0.025157  0.001350
160  0.025000  0.001350
161  0.024845  0.001350
162  0.024691  0.001350
163  0.024540  0.001350
164  0.024390  0.001350
165  0.024242  0.001350
166  0.024096  0.001350
167  0.023952  0.001350
168  0.023810  0.001350
169  0.023669  0.001350
170  0.023529  0.001350
171  0.023392  0.001350
172  0.023256  0.001350
173  0.023121  0.001350
174  0.022989  0.001350
175  0.022857  0.001350
176  0.022727  0.001350
177  0.022599  0.001350
178  0.028090  0.001688
179  0.027933  0.001688
180  0.027778  0.001688
181  0.027624  0.001688
182  0.027473  0.001688
183  0.027322  0.001688
184  0.027174  0.001688
185  0.027027  0.001688
186  0.026882  0.001688
187  0.026738  0.001688
188  0.026596  0.001688
189  0.026455  0.001688
190  0.026316  0.001688
191  0.026178  0.001688
192  0.026042  0.001688
193  0.025907  0.001688
194  0.025773  0.001688
195  0.025641  0.001688
196  0.025510  0.001688
197  0.025381  0.001688
198  0.025253  0.001688
199  0.025126  0.001688
200  0.025000  0.001688
201  0.024876  0.001688
202  0.024752  0.001688
203  0.024631  0.001688
204  0.024510  0.001688
205  0.024390  0.001688
206  0.024272  0.001688
207  0.024155  0.001688
208  0.028846  0.002026
209  0.028708  0.002026
210  0.028571  0.002026
211  0.028436  0.002026
212  0.028302  0.002026
213  0.028169  0.002026
214  0.028037  0.002026
215  0.027907  0.002026
216  0.027778  0.002026
217  0.027650  0.002026
218  0.027523  0.002026
219  0.027397  0.002026
220  0.027273  0.002026
221  0.027149  0.002026
222  0.027027  0.002026
223  0.026906  0.002026
224  0.026786  0.002026
225  0.026667  0.002026
226  0.026549  0.002026
227  0.026432  0.002026
228  0.026316  0.002026
229  0.026201  0.002026
230  0.026087  0.002026
231  0.025974  0.002026
232  0.025862  0.002026
233  0.030043  0.002363
234  0.029915  0.002363
235  0.029787  0.002363
236  0.029661  0.002363
237  0.029536  0.002363
238  0.029412  0.002363
239  0.029289  0.002363
240  0.029167  0.002363
241  0.029046  0.002363
242  0.028926  0.002363
243  0.028807  0.002363
244  0.028689  0.002363
245  0.028571  0.002363
246  0.028455  0.002363
247  0.028340  0.002363
248  0.028226  0.002363
249  0.028112  0.002363
250  0.028000  0.002363
251  0.031873  0.002701
252  0.031746  0.002701
253  0.031621  0.002701
254  0.031496  0.002701
255  0.031373  0.002701
256  0.031250  0.002701
257  0.031128  0.002701
258  0.031008  0.002701
259  0.030888  0.002701
260  0.030769  0.002701
261  0.030651  0.002701
262  0.030534  0.002701
263  0.030418  0.002701
264  0.030303  0.002701
265  0.030189  0.002701
266  0.030075  0.002701
267  0.029963  0.002701
268  0.029851  0.002701
269  0.029740  0.002701
270  0.029630  0.002701
271  0.029520  0.002701
272  0.029412  0.002701
273  0.029304  0.002701
274  0.029197  0.002701
275  0.029091  0.002701
276  0.028986  0.002701
277  0.028881  0.002701
278  0.028777  0.002701
279  0.028674  0.002701
280  0.028571  0.002701
281  0.028470  0.002701
282  0.031915  0.003038
283  0.031802  0.003038
284  0.031690  0.003038
285  0.031579  0.003038
286  0.031469  0.003038
287  0.031359  0.003038
288  0.031250  0.003038
289  0.034602  0.003376
290  0.034483  0.003376
291  0.034364  0.003376
292  0.034247  0.003376
293  0.034130  0.003376
294  0.034014  0.003376
295  0.033898  0.003376
296  0.033784  0.003376
297  0.033670  0.003376
298  0.033557  0.003376
299  0.033445  0.003376
300  0.033333  0.003376
301  0.033223  0.003376
302  0.033113  0.003376
303  0.033003  0.003376
304  0.032895  0.003376
305  0.032787  0.003376
306  0.032680  0.003376
307  0.032573  0.003376
308  0.032468  0.003376
309  0.032362  0.003376
310  0.032258  0.003376
311  0.032154  0.003376
312  0.032051  0.003376
313  0.031949  0.003376
314  0.031847  0.003376
315  0.031746  0.003376
316  0.031646  0.003376
317  0.031546  0.003376
318  0.031447  0.003376
319  0.034483  0.003714
320  0.034375  0.003714
321  0.034268  0.003714
322  0.034161  0.003714
323  0.034056  0.003714
324  0.033951  0.003714
325  0.033846  0.003714
326  0.033742  0.003714
327  0.033639  0.003714
328  0.033537  0.003714
329  0.033435  0.003714
330  0.033333  0.003714
331  0.033233  0.003714
332  0.033133  0.003714
333  0.033033  0.003714
334  0.032934  0.003714
335  0.032836  0.003714
336  0.032738  0.003714
337  0.032641  0.003714
338  0.032544  0.003714
339  0.032448  0.003714
340  0.032353  0.003714
341  0.032258  0.003714
342  0.032164  0.003714
343  0.032070  0.003714
344  0.031977  0.003714
345  0.031884  0.003714
346  0.031792  0.003714
347  0.031700  0.003714
348  0.031609  0.003714
349  0.031519  0.003714
350  0.031429  0.003714
351  0.031339  0.003714
352  0.031250  0.003714
353  0.033994  0.004051
354  0.033898  0.004051
355  0.033803  0.004051
356  0.033708  0.004051
357  0.033613  0.004051
358  0.033520  0.004051
359  0.033426  0.004051
360  0.033333  0.004051
361  0.033241  0.004051
362  0.033149  0.004051
363  0.033058  0.004051
364  0.032967  0.004051
365  0.032877  0.004051
366  0.032787  0.004051
367  0.032698  0.004051
368  0.032609  0.004051
369  0.032520  0.004051
370  0.035135  0.004389
371  0.035040  0.004389
372  0.034946  0.004389
373  0.034853  0.004389
374  0.034759  0.004389
375  0.034667  0.004389
376  0.034574  0.004389
377  0.034483  0.004389
378  0.034392  0.004389
379  0.034301  0.004389
380  0.034211  0.004389
381  0.034121  0.004389
382  0.034031  0.004389
383  0.033943  0.004389
384  0.033854  0.004389
385  0.033766  0.004389
386  0.033679  0.004389
387  0.033592  0.004389
388  0.033505  0.004389
389  0.033419  0.004389
390  0.033333  0.004389
391  0.033248  0.004389
392  0.033163  0.004389
393  0.033079  0.004389
394  0.032995  0.004389
395  0.032911  0.004389
396  0.032828  0.004389
397  0.032746  0.004389
398  0.032663  0.004389
399  0.032581  0.004389
400  0.032500  0.004389
401  0.032419  0.004389
402  0.032338  0.004389
403  0.032258  0.004389
404  0.032178  0.004389
405  0.032099  0.004389
406  0.032020  0.004389
407  0.031941  0.004389
408  0.031863  0.004389
409  0.031785  0.004389
410  0.031707  0.004389
411  0.031630  0.004389
412  0.031553  0.004389
413  0.031477  0.004389
414  0.031401  0.004389
415  0.031325  0.004389
416  0.031250  0.004389
417  0.031175  0.004389
418  0.031100  0.004389
419  0.031026  0.004389
420  0.030952  0.004389
421  0.030879  0.004389
422  0.030806  0.004389
423  0.030733  0.004389
424  0.030660  0.004389
425  0.030588  0.004389
426  0.030516  0.004389
427  0.030445  0.004389
428  0.030374  0.004389
429  0.030303  0.004389
430  0.030233  0.004389
431  0.030162  0.004389
432  0.030093  0.004389
433  0.030023  0.004389
434  0.029954  0.004389
435  0.029885  0.004389
436  0.029817  0.004389
437  0.029748  0.004389
438  0.029680  0.004389
439  0.029613  0.004389
440  0.031818  0.004727
441  0.031746  0.004727
442  0.031674  0.004727
443  0.031603  0.004727
444  0.031532  0.004727
445  0.031461  0.004727
446  0.031390  0.004727
447  0.031320  0.004727
448  0.031250  0.004727
449  0.031180  0.004727
450  0.031111  0.004727
451  0.031042  0.004727
452  0.030973  0.004727
453  0.030905  0.004727
454  0.030837  0.004727
455  0.030769  0.004727
456  0.030702  0.004727
457  0.030635  0.004727
458  0.030568  0.004727
459  0.030501  0.004727
460  0.030435  0.004727
461  0.030369  0.004727
462  0.030303  0.004727
463  0.030238  0.004727
464  0.030172  0.004727
465  0.030108  0.004727
466  0.030043  0.004727
467  0.032120  0.005064
468  0.034188  0.005402
469  0.034115  0.005402
470  0.034043  0.005402
471  0.033970  0.005402
472  0.033898  0.005402
473  0.033827  0.005402
474  0.033755  0.005402
475  0.035789  0.005739
476  0.035714  0.005739
477  0.035639  0.005739
478  0.035565  0.005739
479  0.035491  0.005739
480  0.035417  0.005739
481  0.035343  0.005739
482  0.035270  0.005739
483  0.035197  0.005739
484  0.035124  0.005739
485  0.035052  0.005739
486  0.034979  0.005739
487  0.034908  0.005739
488  0.034836  0.005739
489  0.034765  0.005739
490  0.034694  0.005739
491  0.034623  0.005739
492  0.034553  0.005739
493  0.034483  0.005739
494  0.034413  0.005739
495  0.036364  0.006077
496  0.036290  0.006077
497  0.038229  0.006415
498  0.038153  0.006415
499  0.038076  0.006415
500  0.038000  0.006415
