0(361337): 1(0.502637), 3(0.672688), 
1(389896): 3(2.130570), 
2(537553): 1(4.137178), 
3(510767): 1(0.868738), 
4(413692): 3(1.883040), 
5(516373): 3(1.419902), 
6(506867): 1(0.606063), 
7(266632): 1(3.319936), 
8(100920): 3(0.452675), 
9(509960): 3(0.909941), 
10(433956): 
11(291301): 1(0.634810), 
12(94242): 
13(405823): 1(1.089705), 3(0.469313), 
14(311601): 1(0.754504), 
15(315620): 
16(72370): 
17(94246): 
18(72371): 
19(433118): 0(2.131159), 
20(492193): 0(18.933145), 
21(487032): 0(2.071166), 
22(317591): 0(2.074820), 
23(312402): 0(2.213641), 
24(361444): 2(1.956486), 
25(210439): 2(1.950725), 
26(521270): 2(1.949322), 
27(313239): 2(18.037219), 
28(461863): 1(0.725734), 
29(79592): 3(1.066797), 
30(434276): 
31(367186): 3(0.673725), 
32(170945): 1(0.491059), 
