0(110557): 2(0.234965), 
1(486332): 2(0.187384), 
2(354111): 2(0.136149), 
3(434715): 2(0.193372), 
4(295118): 2(0.291975), 
5(312723): 2(0.391633), 
6(257412): 
7(127536): 1(0.236349), 
8(518323): 1(0.420352), 
9(152979): 
10(10064): 
11(205597): 1(0.169945), 
12(250213): 1(0.169955), 
13(243864): 1(0.169941), 
14(431076): 1(0.143018), 
15(450500): 1(0.235307), 
16(285643): 1(0.235393), 
17(368631): 1(0.206102), 
18(378785): 1(0.207592), 
19(466832): 1(0.186792), 
20(110416): 
21(288779): 
22(17023): 
23(182543): 
24(299682): 
25(125825): 
26(264194): 
27(490115): 
28(483647): 
29(58915): 
30(186111): 
31(516354): 
32(453437): 
33(72662): 
34(262114): 
35(30597): 1(0.202873), 
36(434917): 
37(529823): 1(0.138389), 
38(492555): 
39(183432): 1(0.304686), 
40(286589): 
41(475566): 1(0.203531), 
42(93401): 1(0.438387), 
43(117548): 
44(520574): 1(0.220291), 
45(135059): 
46(54908): 
47(530846): 
48(504513): 
49(389997): 
50(451582): 
51(151824): 
52(280180): 1(0.269008), 
53(239629): 1(0.394834), 
54(51078): 1(0.366649), 
55(408212): 1(0.591041), 
56(326852): 1(0.151944), 
57(154141): 1(0.184880), 
58(155537): 1(1.020025), 
59(428543): 1(0.252174), 
60(427671): 1(0.411367), 
61(84708): 1(0.524967), 
62(128438): 2(0.245207), 
63(436894): 2(0.351195), 
64(180067): 2(0.351240), 
65(204136): 2(0.296086), 
66(100344): 2(0.456985), 
67(15289): 2(0.192689), 
68(160661): 2(0.302061), 
69(72043): 2(0.410719), 
70(407014): 2(0.301417), 
71(412976): 2(0.565923), 
72(240213): 1(0.173670), 
73(147912): 
74(88581): 1(0.303300), 
75(61963): 1(0.149580), 
76(407300): 1(0.238459), 
77(519271): 1(0.237979), 
78(548482): 
79(463139): 
80(346179): 
81(242887): 
82(503909): 1(0.147723), 
83(390146): 
84(520048): 
85(9649): 2(0.284748), 
86(206591): 2(0.292319), 
87(240874): 
88(322320): 
89(437941): 
90(392518): 
91(331184): 
92(165040): 
93(208097): 2(0.448204), 
94(501043): 
95(101974): 2(0.291214), 
96(540798): 2(0.241775), 
97(45782): 2(0.241775), 
98(523267): 2(0.235878), 
99(54949): 2(0.400403), 
100(440865): 2(0.241799), 
101(145542): 2(0.241792), 
102(291528): 
103(515526): 
104(410695): 
105(383111): 
106(223555): 2(0.227077), 
107(302476): 2(0.185081), 
108(146527): 
109(463500): 2(0.226585), 
110(455309): 
111(92707): 2(0.296182), 
112(424948): 
113(8922): 
114(340940): 
115(198471): 
116(310707): 1(0.312496), 
117(371620): 1(0.213247), 
118(37375): 1(0.213689), 
119(323558): 1(0.245475), 
120(347774): 1(0.243413), 
121(435295): 1(0.179763), 
122(141751): 1(0.414316), 
123(163311): 1(0.278782), 
124(423591): 1(0.181495), 
125(69201): 1(0.310178), 
126(351405): 
127(35073): 
128(453326): 
129(148541): 
130(284186): 1(0.557287), 
131(33563): 
132(144321): 
133(194712): 
134(482991): 2(0.297893), 
135(40019): 2(0.243419), 
136(254038): 2(0.134627), 
137(142595): 2(0.564826), 
138(478992): 2(0.134675), 
139(43617): 
140(378495): 1(0.154805), 
141(543979): 1(0.310890), 
142(399824): 1(0.704784), 
143(24451): 1(0.307046), 
144(399006): 2(0.350278), 
145(522219): 2(0.247262), 
146(109100): 2(0.300405), 
147(88071): 2(0.300162), 
148(67802): 2(0.466919), 
149(31185): 2(0.247265), 
150(88664): 2(0.355444), 
151(171637): 1(0.154778), 
152(539353): 
153(2411): 1(0.229345), 
154(471620): 
155(248396): 1(0.176653), 
156(164140): 1(0.236316), 
157(50999): 1(0.174775), 
158(207828): 1(0.239176), 
159(164812): 1(0.206155), 
160(397827): 1(0.282475), 
161(218533): 1(0.203918), 
162(327139): 
163(229451): 
164(298214): 
165(305053): 1(0.181528), 
166(396936): 1(0.234064), 
167(508516): 1(0.171076), 
168(494286): 
169(284484): 
170(265316): 1(0.143858), 
171(169162): 1(0.206311), 
172(350551): 1(0.142591), 
173(205581): 
174(499709): 
175(256238): 1(0.398011), 
176(419926): 2(0.345665), 
177(466304): 2(0.293020), 
178(351020): 1(0.137801), 
179(372239): 1(0.165661), 
180(324936): 1(0.200367), 
181(381294): 1(0.198569), 
182(270651): 1(0.130841), 
183(482982): 1(0.214776), 
184(324619): 1(0.153856), 
185(318944): 1(0.156053), 
186(282228): 
187(183214): 
188(199855): 
189(392680): 
190(196737): 1(0.154799), 
191(453375): 
192(211919): 
193(539156): 
194(312209): 1(0.268386), 
195(190012): 
196(189182): 
197(214216): 1(0.140521), 
198(296790): 
199(331170): 
200(548391): 1(0.200802), 
201(366293): 
202(489239): 1(0.205435), 
203(471583): 1(0.171518), 
204(67407): 2(0.405533), 
205(380684): 2(0.350228), 
206(158577): 2(0.462474), 
207(105539): 1(0.247738), 
208(178529): 1(0.147780), 
209(521723): 1(0.150272), 
210(461141): 2(0.858490), 
211(536296): 2(0.133588), 
212(147259): 
213(277503): 
214(398644): 
215(250953): 
216(315368): 
217(122021): 
218(523525): 
219(171677): 
220(358887): 
221(543463): 1(0.205146), 
222(455588): 
223(418521): 1(0.135425), 
224(120579): 
225(484750): 1(0.229918), 
226(308531): 1(0.145472), 
227(539948): 1(0.173044), 
228(64826): 
229(112689): 
230(407401): 
231(527948): 1(0.262875), 
232(306531): 1(0.373611), 
233(290088): 1(0.260532), 
234(277636): 2(0.244831), 
235(351827): 
236(539578): 1(0.142405), 
237(101280): 1(0.144598), 
238(328570): 1(0.175968), 
239(347666): 1(0.148897), 
240(10384): 1(0.146450), 
241(505613): 
242(134980): 1(0.161428), 
243(346707): 
244(22699): 
245(12604): 
246(480619): 
247(507975): 1(0.315061), 
248(46639): 
249(543565): 1(0.246364), 
250(178260): 
251(412348): 1(0.282026), 
252(135843): 
253(440729): 2(0.139677), 
254(530304): 2(0.403785), 
255(447487): 2(0.245937), 
256(282747): 2(0.247563), 
257(415742): 2(0.245967), 
258(343602): 2(0.301568), 
259(527680): 2(0.190712), 
260(124196): 2(0.299693), 
261(340570): 
262(394879): 
263(301756): 1(0.229998), 
264(288862): 
265(233761): 
266(46279): 
267(518791): 
268(168149): 2(0.131675), 
269(384688): 2(0.134489), 
270(75366): 2(0.238169), 
271(170940): 2(0.279372), 
272(512055): 
273(46091): 
274(364755): 2(0.242600), 
275(161912): 2(0.244324), 
276(152237): 2(0.196518), 
277(458888): 1(0.213731), 
278(55665): 
279(379439): 1(0.176509), 
280(390438): 1(0.139710), 
281(540836): 1(0.139709), 
282(21628): 1(0.139698), 
283(269495): 1(0.143250), 
284(388514): 
285(263267): 
286(123107): 
287(210341): 2(0.191203), 
288(485254): 2(0.130708), 
289(348664): 2(0.240451), 
290(272828): 1(0.146102), 
291(437689): 
292(54635): 
293(164067): 1(0.223195), 
294(79662): 
295(408890): 
296(281081): 
297(13768): 2(0.191229), 
298(339760): 2(0.191269), 
299(424074): 
300(444520): 
301(248217): 
302(529057): 
303(524460): 
304(505914): 1(0.146094), 
305(441252): 1(0.146168), 
306(358803): 
307(168719): 
308(411849): 
309(95344): 
310(428277): 2(0.140489), 
311(202846): 
312(82609): 
313(200207): 
314(338475): 
315(357323): 1(0.136433), 
316(29098): 1(0.139285), 
317(460644): 
318(517559): 
319(47912): 1(0.151625), 
320(217935): 
321(518982): 
322(472444): 
323(274179): 
324(505814): 
325(482373): 
326(295664): 
327(146453): 
328(104347): 
329(232462): 
330(360890): 
331(495195): 
332(352294): 
333(442025): 
334(62163): 
