0 110557
1 486332
2 354111
3 434715
4 295118
5 312723
6 257412
7 127536
8 518323
9 152979
10 10064
11 205597
12 250213
13 243864
14 431076
15 450500
16 285643
17 368631
18 378785
19 466832
20 110416
21 288779
22 17023
23 182543
24 299682
25 125825
26 264194
27 490115
28 483647
29 58915
30 186111
31 516354
32 453437
33 72662
34 262114
35 30597
36 434917
37 529823
38 492555
39 183432
40 286589
41 475566
42 93401
43 117548
44 520574
45 135059
46 54908
47 530846
48 504513
49 389997
50 451582
51 151824
52 280180
53 239629
54 51078
55 408212
56 326852
57 154141
58 155537
59 428543
60 427671
61 84708
62 128438
63 436894
64 180067
65 204136
66 100344
67 15289
68 160661
69 72043
70 407014
71 412976
72 240213
73 147912
74 88581
75 61963
76 407300
77 519271
78 548482
79 463139
80 346179
81 242887
82 503909
83 390146
84 520048
85 9649
86 206591
87 240874
88 322320
89 437941
90 392518
91 331184
92 165040
93 208097
94 501043
95 101974
96 540798
97 45782
98 523267
99 54949
100 440865
101 145542
102 291528
103 515526
104 410695
105 383111
106 223555
107 302476
108 146527
109 463500
110 455309
111 92707
112 424948
113 8922
114 340940
115 198471
116 310707
117 371620
118 37375
119 323558
120 347774
121 435295
122 141751
123 163311
124 423591
125 69201
126 351405
127 35073
128 453326
129 148541
130 284186
131 33563
132 144321
133 194712
134 482991
135 40019
136 254038
137 142595
138 478992
139 43617
140 378495
141 543979
142 399824
143 24451
144 399006
145 522219
146 109100
147 88071
148 67802
149 31185
150 88664
151 171637
152 539353
153 2411
154 471620
155 248396
156 164140
157 50999
158 207828
159 164812
160 397827
161 218533
162 327139
163 229451
164 298214
165 305053
166 396936
167 508516
168 494286
169 284484
170 265316
171 169162
172 350551
173 205581
174 499709
175 256238
176 419926
177 466304
178 351020
179 372239
180 324936
181 381294
182 270651
183 482982
184 324619
185 318944
186 282228
187 183214
188 199855
189 392680
190 196737
191 453375
192 211919
193 539156
194 312209
195 190012
196 189182
197 214216
198 296790
199 331170
200 548391
201 366293
202 489239
203 471583
204 67407
205 380684
206 158577
207 105539
208 178529
209 521723
210 461141
211 536296
212 147259
213 277503
214 398644
215 250953
216 315368
217 122021
218 523525
219 171677
220 358887
221 543463
222 455588
223 418521
224 120579
225 484750
226 308531
227 539948
228 64826
229 112689
230 407401
231 527948
232 306531
233 290088
234 277636
235 351827
236 539578
237 101280
238 328570
239 347666
240 10384
241 505613
242 134980
243 346707
244 22699
245 12604
246 480619
247 507975
248 46639
249 543565
250 178260
251 412348
252 135843
253 440729
254 530304
255 447487
256 282747
257 415742
258 343602
259 527680
260 124196
261 340570
262 394879
263 301756
264 288862
265 233761
266 46279
267 518791
268 168149
269 384688
270 75366
271 170940
272 512055
273 46091
274 364755
275 161912
276 152237
277 458888
278 55665
279 379439
280 390438
281 540836
282 21628
283 269495
284 388514
285 263267
286 123107
287 210341
288 485254
289 348664
290 272828
291 437689
292 54635
293 164067
294 79662
295 408890
296 281081
297 13768
298 339760
299 424074
300 444520
301 248217
302 529057
303 524460
304 505914
305 441252
306 358803
307 168719
308 411849
309 95344
310 428277
311 202846
312 82609
313 200207
314 338475
315 357323
316 29098
317 460644
318 517559
319 47912
320 217935
321 518982
322 472444
323 274179
324 505814
325 482373
326 295664
327 146453
328 104347
329 232462
330 360890
331 495195
332 352294
333 442025
334 62163
