0(538752): 0(3.557907), 
1(533814): 0(6.967254), 
2(441718): 
3(247642): 0(12.125365), 
4(335964): 0(12.334524), 
5(134195): 0(2.838520), 
6(261988): 
7(496269): 
8(383716): 
9(536622): 
10(283156): 
11(468887): 
12(408412): 
13(258844): 
14(223806): 
15(25476): 
16(458212): 
17(25478): 
18(103249): 
19(538751): 
20(223262): 
21(12902): 
22(44084): 
23(425890): 
24(221609): 
25(344218): 
26(81346): 
27(29389): 
28(496832): 
29(215193): 
30(260928): 
31(221601): 
32(526824): 
33(383707): 
34(295838): 
35(442764): 
36(138993): 1(1.693658), 2(1.693658), 
37(197806): 1(16.958214), 2(16.958214), 
38(258835): 
39(310323): 
40(422195): 1(2.141144), 2(2.141144), 
41(172808): 1(2.144516), 2(2.144516), 
42(509963): 1(0.696311), 2(0.696311), 
43(319151): 
44(223808): 
45(253029): 
46(165438): 
