0(52005): 
1(169076): 1(0.551439), 
2(53841): 1(2.161153), 
3(132503): 1(0.668728), 
4(157258): 1(4.225053), 
5(314403): 
6(449838): 1(1.443015), 2(1.108098), 
7(494264): 1(17.573662), 
8(111123): 
9(1872): 2(0.755591), 
10(374435): 2(0.796009), 
11(300768): 2(0.585854), 
12(30562): 2(1.843976), 
13(89325): 1(0.831759), 
14(205295): 
15(62603): 1(1.078467), 
16(413433): 1(0.685510), 
17(431150): 0(1.680263), 
18(363578): 0(9.498740), 
19(171078): 0(1.673573), 
20(311154): 0(1.676773), 
21(348197): 0(21.176556), 
22(293872): 0(9.498917), 
23(357452): 
24(6690): 
25(380773): 
26(18538): 
27(379037): 2(0.711433), 
28(364388): 2(0.542272), 
29(240480): 
30(316507): 2(1.068603), 
31(359145): 2(0.461198), 
32(422901): 
33(306709): 
34(381349): 
35(331412): 
36(469791): 
37(254184): 2(0.445294), 
38(112014): 2(0.445376), 
39(2683): 
