0 369899
1 526608
2 30012
3 321687
4 163200
5 540443
6 284366
7 316153
8 345802
9 255399
10 298966
11 392786
12 434010
13 250378
14 458156
15 147835
16 129020
17 268353
18 507217
19 294447
20 98418
21 243240
22 309672
23 405609
24 336982
25 524866
26 267773
27 292275
28 531201
29 367123
30 301724
31 342983
32 414771
33 318922
34 426084
35 466454
36 261348
37 354276
38 526801
39 449928
40 378221
41 498764
42 144348
43 438643
44 92212
45 252958
46 331673
47 365395
48 379854
49 90055
50 491430
51 25094
52 309970
53 315407
54 315063
55 480831
56 129164
57 188313
58 478024
59 419566
60 449361
61 502904
62 430159
63 178031
64 506046
65 33799
66 13248
67 504221
68 3670
69 205669
70 243289
71 526095
72 80153
73 184191
74 333688
75 417663
76 257155
77 390996
78 84226
79 270717
80 436671
81 231590
82 232381
83 441533
84 117848
85 233405
86 325599
87 157044
88 414104
89 425548
90 126184
91 494020
92 536302
93 48542
94 481513
95 519197
96 433362
97 337607
98 21823
99 501204
100 438641
101 462922
102 444456
103 322472
104 333602
105 148008
106 152841
107 299402
108 29563
109 115144
110 245523
111 97018
112 247886
113 537720
114 189578
115 348796
116 115024
117 236502
118 139674
119 164490
120 372909
121 211522
122 420643
123 200667
124 421322
125 445274
126 49299
127 121638
128 496148
129 207311
130 528695
131 390333
132 366517
133 276604
134 318245
135 342279
136 514884
137 400256
138 194436
139 76557
140 136963
141 200642
142 150371
143 313665
144 175604
145 272525
146 284228
147 248030
148 413512
149 468534
150 216677
151 161640
152 65581
153 90392
154 399173
155 534435
156 457506
157 300621
158 455520
159 65124
