0(272052): 
1(150549): 
2(36638): 
3(509594): 
4(436280): 
5(411753): 0(0.665777), 1(0.665777), 2(0.665777), 3(0.665777), 4(0.665777), 5(0.665777), 
6(484103): 0(2.015078), 1(2.015078), 2(2.015078), 3(2.015078), 4(2.015078), 5(2.015078), 
7(435749): 0(0.698223), 1(0.698223), 2(0.698223), 3(0.698223), 4(0.698223), 5(0.698223), 
8(364241): 
9(70193): 0(0.624663), 1(0.624663), 2(0.624663), 3(0.624663), 4(0.624663), 5(0.624663), 
10(201374): 0(1.867479), 1(1.867479), 2(1.867479), 3(1.867479), 4(1.867479), 5(1.867479), 
11(516044): 
12(45625): 0(2.993960), 1(2.993960), 2(2.993960), 3(2.993960), 4(2.993960), 5(2.993960), 
13(136344): 
14(403820): 
15(161142): 
16(29826): 
17(513071): 
18(148725): 
19(186139): 
20(221763): 
21(216586): 
22(148444): 
23(203424): 
24(484636): 
25(233179): 
26(489771): 
27(40035): 
28(73922): 
29(169366): 
30(289735): 
31(479189): 
32(3114): 
33(56335): 
34(319737): 
35(194423): 
36(542013): 
