0(205753): 
1(120216): 
2(514234): 
3(144759): 
4(96570): 
5(170852): 
6(155547): 
7(101887): 0(2.869190), 1(0.293275), 
8(522052): 1(1.766561), 2(2.028637), 3(2.028637), 
9(334949): 0(2.226911), 1(0.360796), 
10(138082): 1(0.309691), 2(4.213328), 3(4.213328), 
11(282030): 1(1.514970), 2(1.198883), 3(1.198883), 
12(490663): 0(0.309180), 
13(242922): 0(2.622053), 
14(77207): 0(1.430687), 
15(267488): 0(2.654361), 
16(478239): 
17(54592): 1(2.488134), 
18(334702): 1(2.763002), 
19(154531): 2(1.010825), 3(1.010825), 
20(502957): 
21(449271): 1(0.776917), 2(0.863077), 3(0.863077), 
22(523122): 
23(148667): 
24(543383): 1(0.430007), 
25(470241): 1(0.429927), 
26(29420): 1(0.381941), 
27(332625): 
28(30231): 0(0.755481), 1(1.276900), 
29(534183): 1(0.429962), 
30(31816): 1(0.381898), 
31(493688): 
32(183335): 
33(471504): 1(0.381958), 
34(295712): 
35(68266): 1(0.382139), 
36(327230): 1(0.476353), 2(1.547764), 3(1.547764), 
37(255998): 
38(153667): 
39(302934): 
40(421055): 
41(524835): 2(0.778859), 3(0.778859), 
42(303224): 
43(17709): 
44(99737): 
45(266875): 
46(110845): 2(0.401827), 3(0.401827), 
47(323681): 
48(447132): 
49(518779): 
50(291353): 
51(250473): 
52(89482): 
53(174042): 0(0.302169), 
54(385452): 
55(143298): 
56(214971): 
57(148815): 0(0.302053), 
58(28177): 
59(387927): 
60(406316): 
61(192753): 
62(430917): 0(0.302199), 
63(93050): 0(0.302022), 
64(526279): 0(0.302219), 
65(267589): 0(0.309135), 
66(399472): 0(0.302086), 
67(237412): 0(0.309130), 
68(113814): 0(0.309100), 
69(303820): 0(0.292045), 
70(492019): 0(0.292089), 
71(54426): 0(0.292087), 
72(362794): 
73(22687): 0(0.292056), 
74(62052): 0(0.291883), 
75(335207): 
76(145667): 
77(241881): 
78(439926): 
79(323839): 
80(388820): 
81(502220): 
82(251270): 
83(207318): 
84(356552): 
85(418859): 
86(513584): 
87(145796): 
88(190037): 
89(276303): 
90(323234): 
91(514938): 
92(122110): 
93(95025): 
94(22383): 
95(220940): 
96(343273): 
97(245861): 
98(51130): 
99(520043): 
100(544881): 
101(173982): 
102(491704): 
