0(310937): 1(28.886573), 2(17.622242), 
1(203359): 
2(344438): 
3(544957): 
4(361070): 2(17.619676), 
5(495664): 
6(27651): 
7(354742): 
8(15489): 1(4.023855), 2(17.623864), 
9(289158): 
10(5457): 
11(60667): 
12(496329): 1(19.031907), 
13(389413): 
14(31953): 
15(270273): 1(9.775770), 2(27.401826), 
16(316207): 
17(373680): 
18(251108): 1(8.349120), 
19(369475): 
20(444683): 
21(69077): 
22(24669): 0(1.189846), 
23(26602): 0(0.831849), 
24(377116): 
25(75123): 
26(309081): 
27(450091): 0(0.427429), 
28(5243): 0(1.061279), 
29(224389): 
30(156733): 
31(311683): 
32(335655): 0(0.641465), 
33(323165): 
