153688	189151	199179	231860	231862	231865	238339	256663	260324	288738	347684	368721	398297	405970	407932	506485
153688	189151	199179	231860	231862	231865	238339	256663	260324	288738	347684	368721	398297	405970	407932	506485
153688	189151	199179	231860	231862	231865	238339	256663	260324	288738	347684	368721	398297	405970	407932	506485
153688	189151	191076	199179	231860	231862	231865	238339	256663	260324	288738	347684	368721	398297	405970	407932	506485
153688	189151	191076	199179	231860	231862	231865	238339	256663	260324	288738	347684	368721	398297	405970	407932	506485
153688	189151	199179	231860	231862	231865	238339	256663	260324	288738	347684	368721	398297	405970	407932	506485
153688	189151	199179	231860	231862	231865	238339	256663	260324	288738	347684	368721	398297	405970	407932	506485
153688	189151	199179	231860	231862	231865	238339	256663	260324	288738	347684	368721	398297	405970	407932	506485
153688	189151	191076	199179	231860	231862	231865	238339	256663	260324	288738	347684	368721	398297	405970	407932	506485
153688	189151	191076	199179	231860	231862	231865	238339	256663	260324	288738	347684	368721	398297	405970	407932	506485
153688	189151	191076	199179	231860	231862	231865	238339	256663	260324	288738	347684	368721	398297	405970	407932	506485