0(63631): 
1(469775): 
2(172757): 
3(208621): 0(3.047232), 1(24.165787), 2(4.544755), 
4(110650): 0(0.533050), 1(10.375133), 2(27.180734), 
5(264569): 1(10.701742), 2(30.571913), 
6(489962): 
7(225759): 
8(454723): 1(7.832066), 
9(42565): 
10(141343): 
11(313446): 
12(216826): 1(1.592492), 
13(211894): 
14(221436): 1(1.582527), 
15(488813): 0(1.164065), 
16(165406): 
17(93814): 0(21.816769), 
18(38085): 
19(194776): 0(1.259805), 2(1.888795), 
20(411459): 0(6.015995), 2(3.419302), 
21(147152): 
22(186613): 0(0.585792), 
23(350413): 
24(189829): 0(0.586282), 
25(296207): 0(0.737744), 
26(448724): 2(0.805425), 
