0(169353): 0(0.633360), 1(0.633360), 2(0.633360), 
1(462465): 
2(159053): 
3(426115): 
4(432920): 
5(342317): 
6(7548): 0(0.480063), 1(0.480063), 2(0.480063), 
7(380326): 0(2.457323), 1(2.457323), 2(2.457323), 
8(249760): 0(0.641273), 1(0.641273), 2(0.641273), 
9(389529): 
10(135867): 0(1.450854), 1(1.450854), 2(1.450854), 
11(153075): 0(0.779156), 1(0.779156), 2(0.779156), 
12(518156): 
13(155151): 
14(88501): 
15(433349): 
16(41377): 0(1.318915), 1(1.318915), 2(1.318915), 
17(76728): 
18(70108): 
19(507586): 
20(16548): 
21(269124): 
22(392651): 
23(311490): 
24(80392): 
25(161949): 
26(225457): 
27(347739): 
28(181064): 
29(544323): 
30(53293): 
31(214046): 
32(185580): 
33(67037): 
34(101259): 
35(205232): 
36(431943): 
37(32686): 
38(380832): 
