0.442405
0.442405
0.442215
0.240734
0.482048
0.439815
0.416764
0.416764
0.416764
0.416764
0.416764
0.416764
0.453484
0.324143
0.435254
0.435254
0.416764
0.432870
0.416764
0.451186
0.432870
0.435254
0.409819
0.414449
0.432956
0.453484
0.414449
0.451186
0.414449
0.432956
0.451186
0.453484
0.414449
0.414449
0.432956
0.409819
0.409819
0.425926
0.430753
0.430753
0.439276
0.439276
0.430753
0.425926
0.395833
0.395833
0.395833
0.395833
0.395833
0.395833
0.395833
0.395833
0.395833
0.395833
0.100000
0.379630
0.377315
0.319444
0.384259
0.386574
0.384259
0.384259
0.319444
0.319444
0.381944
0.381944
0.382382
0.382382
0.382382
0.319444
0.373057
0.319444
