0(519013): 
1(127345): 0(0.722796), 
2(56052): 0(0.500654), 
3(536830): 0(0.855735), 
4(343242): 0(0.908975), 
5(76881): 
6(98332): 0(0.416494), 
7(74439): 0(0.491380), 
8(99373): 0(0.456692), 
9(363926): 
10(421557): 0(0.885410), 
11(139089): 0(0.802439), 
12(210992): 0(1.085049), 
13(367285): 0(0.605349), 
14(228831): 1(0.549229), 
15(121270): 1(0.328733), 
16(182430): 1(1.199428), 
17(432937): 1(0.485302), 
18(193790): 1(1.163709), 
19(412670): 1(0.323186), 
20(205319): 1(1.007156), 
21(358034): 1(0.633996), 
22(328155): 
23(191487): 
24(55043): 1(0.221694), 
25(38444): 1(0.467775), 
26(416846): 1(0.217397), 
27(162652): 1(0.361083), 
28(141711): 
29(181953): 1(0.301249), 
30(381003): 0(0.260439), 
31(23465): 0(0.563170), 
32(28053): 0(0.247479), 
33(311872): 
34(168720): 2(7.135835), 
35(5238): 2(0.458055), 
36(317603): 2(0.237631), 
37(168715): 2(0.290726), 
38(382724): 2(0.237627), 
39(261558): 2(1.994932), 
40(406305): 2(2.615526), 
41(471009): 2(0.457915), 
42(406909): 2(0.457820), 
43(494860): 2(1.866603), 
44(445716): 1(0.697492), 2(0.676495), 
45(25749): 2(0.457993), 
46(229510): 2(5.639496), 
47(309573): 2(0.462777), 
48(26373): 0(0.249751), 
49(73400): 0(0.791942), 
50(71736): 0(0.457028), 
51(4829): 0(0.248105), 
52(333916): 
53(494481): 0(0.396495), 
54(107972): 
55(70955): 
56(67464): 0(0.713063), 
57(131211): 
58(452884): 
59(3833): 
60(335763): 0(0.315683), 
61(184458): 0(0.371549), 
62(420427): 
63(396649): 
64(215955): 
65(400523): 
66(188073): 0(0.217239), 
67(189959): 
68(131182): 
69(101019): 
70(195210): 0(0.264105), 
71(98269): 
72(223061): 
73(434966): 0(0.503017), 
74(504305): 
75(163920): 0(0.488969), 
76(235970): 0(0.962412), 
77(114473): 0(0.329700), 
78(212553): 
79(234271): 
80(103544): 
81(65008): 
82(426269): 
83(220330): 
84(423859): 
85(23916): 
86(189013): 
87(475581): 0(0.358076), 
88(6579): 
89(100477): 
90(210020): 1(0.661660), 
91(517224): 1(0.480924), 
92(433843): 0(0.324652), 
93(61178): 
94(373188): 0(0.370759), 
95(356384): 0(0.235336), 
96(200044): 
97(451671): 1(0.391022), 
98(279216): 
99(142427): 
100(120380): 
101(19341): 
102(91592): 
103(306781): 
104(33812): 
105(389871): 
106(53117): 
107(47744): 0(0.362059), 
108(67395): 0(0.317748), 
109(408495): 1(0.381509), 
110(201684): 1(0.222767), 
111(520121): 
112(105619): 
113(23890): 
114(368176): 
115(60349): 
116(445441): 
117(131093): 
118(156691): 
119(200271): 
120(215914): 
121(66096): 0(0.672345), 
122(203903): 
123(135702): 
124(250182): 
125(324785): 
126(332188): 
127(522750): 
128(320128): 1(0.465250), 
129(254263): 1(0.819481), 
130(349055): 
131(472722): 
132(511237): 
133(217230): 
134(328468): 0(0.213526), 
135(403255): 
136(49761): 0(0.327070), 
137(444750): 
138(515659): 
139(397590): 
140(366555): 
141(58829): 
142(327890): 
143(460870): 
144(352079): 
145(228537): 
146(544898): 
147(386336): 
148(86910): 1(0.465107), 
149(342669): 
150(122915): 
151(327818): 
152(539125): 1(0.465277), 
