0(52005): 
1(169076): 2(0.499512), 
2(53841): 2(1.873992), 
3(132503): 2(0.420296), 
4(157258): 0(12.040113), 
5(314403): 
6(449838): 0(0.527702), 2(1.750255), 
7(494264): 0(41.262920), 
8(111123): 
9(1872): 2(0.500770), 
10(374435): 2(0.507254), 
11(300768): 
12(30562): 2(0.943762), 
13(89325): 0(0.816492), 
14(205295): 0(0.608110), 
15(62603): 0(2.426658), 
16(413433): 0(1.740922), 
17(431150): 1(1.679640), 
18(363578): 1(9.475850), 
19(171078): 1(1.671332), 
20(311154): 1(1.674950), 
21(348197): 1(21.110196), 
22(293872): 1(9.475127), 
23(357452): 
24(6690): 
25(380773): 
26(18538): 
27(379037): 2(0.491702), 
28(364388): 
29(240480): 
30(316507): 2(0.742440), 
31(359145): 
32(422901): 
33(306709): 
34(381349): 
35(331412): 0(0.607973), 
36(469791): 
37(254184): 
38(112014): 
39(2683): 
