0(67416): 
1(401575): 0(4.876760), 1(4.876760), 2(4.876760), 
2(540769): 0(0.776354), 1(0.776354), 2(0.776354), 
3(161796): 3(42.546042), 4(6.925983), 
4(422194): 
5(18493): 4(17.517729), 
6(260643): 0(1.199854), 1(1.199854), 2(1.199854), 
7(248522): 
8(422369): 
9(12904): 4(28.170245), 
10(246373): 
11(418739): 
12(454569): 
13(450464): 
14(326441): 0(4.232148), 1(4.232148), 2(4.232148), 3(5.774261), 
15(246279): 
16(457079): 3(4.034180), 
17(239679): 
18(182190): 
19(78479): 
20(199549): 
21(49830): 
22(287304): 
23(68152): 
24(481512): 
25(265479): 
26(221490): 
27(233927): 
28(400566): 
29(173679): 
30(310332): 
