0(254963): 
1(228082): 
2(301483): 0(0.723618), 2(0.723618), 
3(183231): 
4(206540): 
5(327922): 
6(226389): 
7(77009): 
8(403540): 
9(333085): 
10(75848): 1(1.989134), 
11(475036): 1(2.310484), 
12(158327): 1(2.301598), 
13(189882): 
14(81790): 0(0.361985), 2(0.361985), 
15(11915): 0(1.467606), 2(1.467606), 
16(36802): 0(2.513103), 2(2.513103), 
17(131043): 0(0.309369), 2(0.309369), 
18(41015): 
19(504629): 
20(482169): 
21(394515): 
22(179221): 
23(465919): 
24(110425): 
25(334588): 
26(396362): 1(3.051597), 
27(104366): 1(2.521062), 
28(448): 1(4.048218), 
29(28123): 1(2.229076), 
30(44008): 
31(471848): 1(0.852314), 
32(544416): 
33(515094): 
34(155663): 0(0.386280), 2(0.386280), 
35(135115): 
36(326481): 0(0.946246), 2(0.946246), 
37(15922): 0(0.507738), 2(0.507738), 
38(362528): 1(0.255581), 
39(467401): 
40(449691): 
41(389968): 1(0.255532), 
42(485055): 
43(114138): 1(0.255569), 
44(168181): 
45(321910): 
46(529820): 
47(55701): 1(0.252872), 
48(392186): 
49(2117): 1(0.254290), 
50(488416): 
51(491851): 1(0.233704), 
52(338300): 
53(260305): 
54(271148): 
55(366149): 
56(347419): 
57(170021): 
58(547506): 
59(130042): 
60(455467): 1(0.252936), 
61(152512): 
62(416364): 
63(106397): 0(0.718021), 2(0.718021), 
64(149579): 
65(146401): 
66(42516): 
67(354715): 
68(270024): 
69(310488): 
70(546224): 
71(111550): 
72(95258): 
73(89918): 
74(421373): 
75(98343): 
76(498651): 
77(301682): 0(0.514155), 2(0.514155), 
78(325493): 
79(79705): 
80(104350): 
81(328951): 
82(389791): 
83(344483): 
84(397448): 
85(135409): 0(1.476442), 2(1.476442), 
86(66017): 
87(499716): 
88(286536): 
89(349627): 
90(416018): 
91(463529): 
92(259788): 
93(433792): 0(0.879409), 2(0.879409), 
94(368498): 0(0.762783), 2(0.762783), 
95(162974): 
96(403346): 
97(209915): 
98(427277): 
99(154146): 
100(13589): 
101(544279): 
102(175213): 
103(70230): 
104(535908): 
105(477664): 
106(40326): 
107(524779): 
108(79419): 
109(56913): 
110(86150): 
111(325745): 
112(391539): 
113(485524): 
114(413490): 
115(155025): 
116(131874): 
117(525658): 1(0.259784), 
118(519832): 
119(338709): 
120(56684): 1(0.259517), 
121(81042): 
122(334420): 
123(121361): 
124(203546): 1(0.259525), 
125(80796): 
126(52713): 
127(520877): 
128(410087): 
129(397575): 
130(216697): 
131(375133): 
132(154321): 
133(75762): 
134(383321): 
