0(544391): 
1(88867): 
2(15554): 0(0.218403), 2(0.218403), 
3(377393): 
4(296660): 0(0.246004), 2(0.246004), 
5(439553): 0(0.260194), 2(0.260194), 
6(123533): 0(0.395556), 2(0.395556), 
7(83252): 0(0.252924), 2(0.252924), 
8(92920): 0(0.278968), 2(0.278968), 
9(73966): 0(0.249369), 2(0.249369), 
10(504364): 0(0.336206), 2(0.336206), 
11(157915): 
12(147977): 
13(14567): 
14(8926): 
15(332123): 
16(512705): 
17(327740): 0(0.221028), 2(0.221028), 
18(107930): 
19(505559): 0(0.339121), 2(0.339121), 
20(121262): 
21(412972): 
22(48359): 0(0.278807), 2(0.278807), 
23(60779): 
24(40318): 
25(474184): 0(0.251761), 2(0.251761), 
26(419830): 0(0.301999), 2(0.301999), 
27(465101): 
28(433145): 
29(454538): 0(0.337306), 2(0.337306), 
30(153173): 
31(184707): 
32(119275): 
33(183951): 0(0.280286), 2(0.280286), 
34(168608): 
35(2625): 
36(164151): 0(0.217155), 2(0.217155), 
37(395771): 0(0.300399), 2(0.300399), 
38(492176): 
39(423124): 0(0.245343), 2(0.245343), 
40(316031): 
41(531007): 
42(10997): 0(0.440840), 2(0.440840), 
43(351358): 0(0.223524), 2(0.223524), 
44(405648): 
45(319052): 0(0.273885), 2(0.273885), 
46(63483): 
47(533484): 
48(5338): 
49(245970): 0(0.269075), 2(0.269075), 
50(173221): 
51(126713): 
52(220148): 
53(423708): 
54(371893): 
55(315743): 
56(52895): 
57(271345): 
58(198181): 
59(433665): 
60(385756): 
61(492399): 
62(42819): 
63(185630): 
64(191745): 
65(213689): 
66(281663): 
67(184528): 
68(129562): 
69(428970): 
70(526588): 
71(520858): 
72(343898): 
73(217000): 
74(105394): 0(0.249797), 2(0.249797), 
75(522223): 0(0.279640), 2(0.279640), 
76(99335): 
77(248193): 
78(425261): 
79(184010): 0(0.249331), 2(0.249331), 
80(497950): 
81(246810): 0(0.250534), 2(0.250534), 
82(509523): 0(0.248947), 2(0.248947), 
83(280134): 
84(188991): 
85(344237): 
86(147760): 
87(265286): 
88(21532): 
89(258433): 
90(85570): 
91(467711): 
92(71292): 
93(444736): 
94(491586): 
95(535723): 
96(265474): 
97(47559): 
98(362223): 
99(343067): 0(0.346500), 2(0.346500), 
100(476031): 
101(376352): 0(0.319798), 2(0.319798), 
102(42921): 1(1.066802), 
103(471591): 
104(533970): 
105(244947): 
106(186253): 
107(293867): 
108(541359): 
109(534192): 
110(356693): 
111(29201): 
112(497880): 
113(98354): 0(0.220749), 2(0.220749), 
114(130619): 
115(392256): 
116(434007): 
117(493039): 
118(223185): 
119(248492): 0(0.251448), 2(0.251448), 
120(79227): 
121(193587): 
122(27137): 
123(254441): 
124(150430): 
125(6971): 
126(394033): 
127(493381): 
128(272733): 
129(324898): 
130(144994): 1(1.730865), 
131(465985): 1(0.447828), 
132(234028): 1(1.234112), 
133(169464): 1(2.064519), 
134(525304): 1(1.812729), 
135(537524): 1(0.949003), 
136(89408): 1(0.678734), 
137(19877): 1(1.807503), 
138(8003): 1(0.688425), 
139(198073): 
140(180642): 
141(355265): 
142(431758): 
143(302081): 
144(527703): 
145(38476): 
146(162584): 
147(45769): 1(0.377469), 
148(361437): 
