0 544391
1 88867
2 15554
3 377393
4 296660
5 439553
6 123533
7 83252
8 92920
9 73966
10 504364
11 157915
12 147977
13 14567
14 8926
15 332123
16 512705
17 327740
18 107930
19 505559
20 121262
21 412972
22 48359
23 60779
24 40318
25 474184
26 419830
27 465101
28 433145
29 454538
30 153173
31 184707
32 119275
33 183951
34 168608
35 2625
36 164151
37 395771
38 492176
39 423124
40 316031
41 531007
42 10997
43 351358
44 405648
45 319052
46 63483
47 533484
48 5338
49 245970
50 173221
51 126713
52 220148
53 423708
54 371893
55 315743
56 52895
57 271345
58 198181
59 433665
60 385756
61 492399
62 42819
63 185630
64 191745
65 213689
66 281663
67 184528
68 129562
69 428970
70 526588
71 520858
72 343898
73 217000
74 105394
75 522223
76 99335
77 248193
78 425261
79 184010
80 497950
81 246810
82 509523
83 280134
84 188991
85 344237
86 147760
87 265286
88 21532
89 258433
90 85570
91 467711
92 71292
93 444736
94 491586
95 535723
96 265474
97 47559
98 362223
99 343067
100 476031
101 376352
102 42921
103 471591
104 533970
105 244947
106 186253
107 293867
108 541359
109 534192
110 356693
111 29201
112 497880
113 98354
114 130619
115 392256
116 434007
117 493039
118 223185
119 248492
120 79227
121 193587
122 27137
123 254441
124 150430
125 6971
126 394033
127 493381
128 272733
129 324898
130 144994
131 465985
132 234028
133 169464
134 525304
135 537524
136 89408
137 19877
138 8003
139 198073
140 180642
141 355265
142 431758
143 302081
144 527703
145 38476
146 162584
147 45769
148 361437
