0(313801): 1(7.551366), 
1(221801): 1(1.258644), 
2(301889): 
3(159972): 
4(542026): 
5(189286): 1(5.563842), 
6(482998): 1(1.049711), 
7(204831): 1(0.540566), 
8(28513): 1(2.007179), 
9(342330): 1(2.636048), 
10(379184): 
11(301886): 
12(544939): 
13(136210): 1(1.268935), 
14(51175): 
15(16457): 2(1.230951), 
16(542780): 2(0.526701), 
17(196682): 0(1.255844), 2(0.652559), 
18(216152): 0(4.903070), 
19(126438): 2(2.124046), 
20(9762): 0(19.122209), 
21(542319): 2(5.123243), 
22(542899): 0(1.805826), 
23(270484): 
24(214555): 2(0.831304), 
