0(177374): 0(7.216913), 
1(523408): 0(16.499772), 
2(331946): 1(0.611885), 
3(237754): 1(0.607670), 
4(363419): 
5(354092): 0(16.626184), 
6(499411): 1(1.404891), 
7(363428): 
8(363427): 
9(136177): 0(5.611874), 
10(363420): 0(7.359508), 
11(136179): 0(3.976513), 
12(528635): 
13(138446): 2(7.138067), 
14(228556): 2(2.724498), 
15(166530): 2(0.862411), 
16(504233): 2(0.680865), 
17(317488): 2(5.165311), 
18(497889): 
19(10654): 
20(525524): 2(1.039070), 
21(288775): 2(2.369608), 
22(499414): 
23(237756): 1(0.461757), 
24(226543): 1(0.461766), 
25(366784): 
26(318491): 
27(302516): 
28(243477): 
29(124): 
30(320027): 
31(454459): 1(0.508713), 
32(262450): 1(1.325100), 
33(354090): 1(0.736491), 
34(195458): 
35(239423): 
36(239421): 
37(497891): 2(1.457574), 
38(125100): 
39(239410): 
40(14394): 
41(31197): 
42(331907): 
43(237914): 
44(391032): 
45(179787): 
46(192611): 
47(166532): 
48(53198): 
49(302489): 1(0.542211), 
50(14401): 
51(472715): 
52(14399): 
