0 177374
1 523408
2 331946
3 237754
4 363419
5 354092
6 499411
7 363428
8 363427
9 136177
10 363420
11 136179
12 528635
13 138446
14 228556
15 166530
16 504233
17 317488
18 497889
19 10654
20 525524
21 288775
22 499414
23 237756
24 226543
25 366784
26 318491
27 302516
28 243477
29 124
30 320027
31 454459
32 262450
33 354090
34 195458
35 239423
36 239421
37 497891
38 125100
39 239410
40 14394
41 31197
42 331907
43 237914
44 391032
45 179787
46 192611
47 166532
48 53198
49 302489
50 14401
51 472715
52 14399
