0(412163): 
1(318212): 
2(186022): 
3(401798): 
4(346322): 
5(435398): 
6(329078): 3(0.245356), 
7(309411): 3(0.386565), 
8(522378): 3(0.246295), 
9(434830): 3(0.293319), 
10(541690): 3(0.252212), 
11(252719): 3(0.234937), 
12(64879): 3(0.290056), 
13(539292): 2(0.112469), 
14(108892): 2(0.324473), 
15(279830): 2(0.810897), 
16(268123): 2(0.115573), 
17(394886): 2(0.555634), 
18(343306): 3(0.196325), 
19(205838): 3(0.195515), 
20(542633): 3(0.475958), 
21(277617): 3(0.187492), 
22(482584): 3(0.151329), 
23(273775): 3(0.187443), 
24(137050): 
25(271643): 2(0.550082), 
26(123159): 2(0.231685), 
27(366824): 
28(127262): 3(0.550642), 
29(318538): 
30(300975): 
31(154509): 
32(151849): 
33(330328): 
34(447892): 3(0.380998), 
35(92472): 3(0.243828), 
36(314719): 3(0.249377), 
37(67572): 3(0.244766), 
38(208714): 3(0.384390), 
39(429708): 3(0.207695), 
40(116969): 3(0.201186), 
41(166549): 3(0.336976), 
42(543516): 3(0.295301), 
43(34895): 3(0.202836), 
44(190765): 2(0.335462), 
45(428737): 2(0.162610), 
46(176159): 2(0.291950), 
47(475666): 2(0.330766), 
48(230788): 2(0.631929), 
49(19509): 2(0.801802), 
50(373756): 2(0.365197), 
51(150207): 2(0.334819), 
52(258382): 
53(115533): 
54(449985): 2(0.179649), 
55(314250): 3(0.154054), 
56(335183): 3(0.154578), 
57(127199): 3(0.154578), 
58(93356): 
59(191775): 
60(535477): 
61(414657): 
62(196008): 
63(186386): 
64(123953): 2(0.381044), 
65(49424): 
66(385399): 
67(325052): 
68(379102): 
69(124992): 
70(460073): 
71(30093): 
72(244578): 2(0.167305), 
73(204126): 2(0.187398), 
74(205676): 
75(116096): 
76(294393): 2(0.621269), 
77(536482): 
78(95427): 3(0.125841), 
79(383087): 3(0.614711), 
80(229209): 3(1.090355), 
81(458993): 3(0.791462), 
82(43379): 
83(98081): 3(0.148941), 
84(38265): 3(0.326278), 
85(29354): 2(0.141933), 
86(521655): 2(0.655083), 
87(98199): 2(0.130470), 
88(142115): 
89(530647): 
90(504199): 3(0.297588), 
91(401268): 3(0.484461), 
92(287524): 3(0.388191), 
93(30690): 3(0.387499), 
94(217871): 3(0.595105), 
95(512729): 3(0.345263), 
96(275237): 3(0.202253), 
97(30398): 3(0.295818), 
98(523046): 
99(370416): 2(0.121546), 
100(470620): 
101(401449): 
102(499583): 2(0.141018), 
103(74895): 2(0.138708), 
104(199759): 
105(46508): 
106(298507): 
107(489905): 
108(392463): 
109(336905): 
110(432229): 
111(120615): 
112(225233): 
113(204966): 
114(77701): 
115(541122): 
116(2486): 
117(476448): 2(0.361518), 
118(242933): 2(0.193004), 
119(363079): 
120(361524): 2(0.405812), 
121(52785): 2(0.194271), 
122(80379): 
123(111376): 2(0.158826), 
124(350442): 2(0.160630), 
125(153979): 2(0.160627), 
126(19999): 2(0.310358), 
127(185822): 2(0.149134), 
128(478676): 2(0.194556), 
129(18041): 2(0.327351), 
130(209480): 2(0.148574), 
131(504784): 2(0.151084), 
132(71187): 
133(373799): 2(0.415226), 
134(473001): 
135(30688): 
136(59759): 
137(256445): 
138(176184): 
139(377247): 3(0.387874), 
140(277024): 
141(261562): 3(0.363125), 
142(276567): 
143(306636): 3(0.521185), 
144(141618): 3(0.157276), 
145(535762): 3(0.163233), 
146(59285): 3(0.300992), 
147(294679): 
148(80756): 
149(448649): 2(0.147339), 
150(161737): 2(0.139570), 
151(186827): 
152(187924): 
153(198973): 
154(60211): 
155(482986): 2(0.151741), 
156(518306): 
157(440745): 
158(193240): 2(0.150426), 
159(295177): 2(0.362635), 
160(265066): 2(0.161489), 
161(141635): 2(0.111736), 
162(30962): 2(0.246063), 
163(127928): 
164(236947): 2(0.156529), 
165(179698): 
166(246180): 3(0.210849), 
167(417521): 3(0.358468), 
168(221281): 3(1.040564), 
169(433190): 3(0.350772), 
170(202986): 3(0.364909), 
171(345901): 3(0.458613), 
172(502212): 3(0.970229), 
173(85524): 2(0.121582), 
174(280255): 2(0.297492), 
175(29586): 
176(173727): 
177(120699): 2(0.160626), 
178(203272): 2(0.227401), 
179(366654): 
180(83906): 
181(326849): 
182(14686): 
183(497867): 
184(470004): 
185(340331): 
186(299611): 3(0.203780), 
187(419862): 3(0.198310), 
188(152407): 3(0.292648), 
189(365354): 
190(108259): 2(0.125922), 
191(321619): 
192(423864): 3(0.113146), 
193(75780): 
194(119359): 
195(166566): 
196(186575): 2(0.191883), 
197(272735): 2(0.119254), 
198(503684): 
199(222414): 2(0.113094), 
200(485080): 
201(84839): 
202(326211): 
203(317367): 2(0.169287), 
204(79870): 2(0.162619), 
205(52511): 
206(326093): 
207(519686): 
208(278): 
209(45362): 
210(462210): 
211(252125): 
212(418177): 3(0.206277), 
213(104553): 3(0.205445), 
214(527792): 3(0.125848), 
215(182923): 
216(99026): 
217(51157): 
218(296069): 3(0.203087), 
219(149809): 3(0.157321), 
220(380338): 
221(51902): 
222(390680): 
223(275861): 
224(371029): 2(0.372490), 
225(402379): 2(0.234155), 
226(298254): 
227(447224): 2(0.147048), 
228(500473): 2(0.235611), 
229(317146): 
230(448214): 
231(263317): 
232(59912): 
233(230262): 3(0.127746), 
234(109222): 
235(35067): 
236(310851): 
237(404948): 2(0.162859), 
238(122517): 
239(33710): 
240(374874): 
241(511278): 2(0.112969), 
242(396502): 2(0.233408), 
243(285549): 
244(296111): 2(0.229036), 
245(181025): 
246(67016): 
247(172218): 
248(301761): 3(0.156265), 
249(496201): 3(0.154821), 
250(52500): 
251(33251): 3(0.160429), 
252(127821): 
253(272957): 
254(70522): 3(0.156323), 
255(443731): 
256(154202): 
257(299055): 
258(277713): 
259(231620): 
260(110453): 
261(60627): 
262(38671): 2(0.368569), 
263(181492): 2(0.155091), 
264(42473): 2(0.116761), 
265(219603): 
266(84285): 
267(383731): 
268(338128): 
269(145797): 
270(511689): 
271(293587): 
272(285669): 
273(394703): 
274(138024): 
275(250046): 
276(273209): 
277(123681): 
278(211967): 2(0.155345), 
279(365309): 
280(430314): 2(0.140183), 
281(168941): 
282(427507): 
283(216422): 
284(313307): 3(0.315642), 
285(182201): 3(0.258571), 
286(289953): 3(0.305134), 
287(353264): 3(0.362755), 
288(355378): 3(0.219585), 
289(443332): 3(0.214330), 
290(347716): 3(0.214420), 
291(85871): 
292(423198): 
293(84693): 
294(310236): 2(0.113872), 
295(495476): 
296(393031): 
297(504412): 
298(226541): 
299(384330): 
300(446298): 2(0.152485), 
301(182435): 2(0.152780), 
302(403034): 
303(423306): 2(0.193866), 
304(59532): 
305(370979): 2(0.112974), 
306(416162): 3(0.217550), 
307(263093): 3(0.256354), 
308(68495): 
309(295752): 2(0.114869), 
310(119854): 
311(409356): 
312(471336): 
313(104481): 
314(334788): 
315(376985): 
316(491667): 
317(451931): 
318(313006): 2(0.158933), 
319(96125): 
320(12959): 2(0.113652), 
321(426835): 
322(112056): 
323(217346): 
324(484561): 
325(451488): 
326(399572): 
327(45561): 
328(59613): 
329(83510): 
330(428993): 
331(287582): 
332(21786): 
333(197919): 
334(440989): 
335(452208): 
336(326874): 
337(417198): 
338(35308): 
339(4328): 
340(304727): 
