0(452941): 
1(311929): 0(0.401663), 1(0.401663), 2(0.401663), 
2(31980): 0(0.868414), 1(0.868414), 2(0.868414), 
3(319406): 0(0.295671), 1(0.295671), 2(0.295671), 
4(72700): 
5(468085): 
6(539662): 
7(145300): 
8(168056): 
9(217502): 
10(48099): 
11(412282): 
12(21516): 
13(121441): 
14(304553): 
15(494252): 
16(493324): 
17(528829): 
18(205402): 0(0.328322), 1(0.328322), 2(0.328322), 
19(398443): 
20(437499): 
21(395622): 
22(138211): 0(0.380851), 1(0.380851), 2(0.380851), 
23(410747): 0(0.429756), 1(0.429756), 2(0.429756), 
24(213200): 0(0.706824), 1(0.706824), 2(0.706824), 
25(368669): 0(0.416453), 1(0.416453), 2(0.416453), 
26(152770): 
27(227121): 
28(136574): 
29(229039): 
30(11152): 
31(442541): 
32(524027): 0(0.628997), 1(0.628997), 2(0.628997), 
33(500747): 
34(529227): 
35(490490): 
36(302509): 
37(180569): 0(0.490144), 1(0.490144), 2(0.490144), 
38(331200): 0(0.478161), 1(0.478161), 2(0.478161), 
39(463477): 
40(527121): 
41(251964): 
42(196827): 0(0.379870), 1(0.379870), 2(0.379870), 
43(467195): 
44(124220): 
45(526560): 
46(81303): 
47(186400): 
48(442010): 
49(520608): 0(0.317921), 1(0.317921), 2(0.317921), 
50(130542): 0(0.414958), 1(0.414958), 2(0.414958), 
51(407436): 
52(403329): 
53(471456): 0(0.479444), 1(0.479444), 2(0.479444), 
54(167159): 
55(12177): 
56(327497): 
57(14425): 
58(122338): 
59(498708): 
60(356893): 
61(374161): 
62(305601): 
63(488943): 
64(182085): 
65(1500): 
66(121344): 
67(186249): 
68(226851): 
69(254640): 
70(309993): 
71(515331): 
72(458185): 
73(125000): 
74(303834): 
75(443987): 
76(442248): 
77(76261): 
78(490861): 
79(121768): 
80(193834): 
81(193153): 
82(100464): 
83(238729): 
84(200566): 
85(424386): 
86(282212): 
87(432157): 
88(144800): 
89(13499): 
90(213937): 
91(19625): 
92(50856): 
93(207132): 
94(54519): 
95(409123): 
96(90431): 
97(24328): 
98(476572): 
99(541245): 
100(391979): 
