0 452941
1 311929
2 31980
3 319406
4 72700
5 468085
6 539662
7 145300
8 168056
9 217502
10 48099
11 412282
12 21516
13 121441
14 304553
15 494252
16 493324
17 528829
18 205402
19 398443
20 437499
21 395622
22 138211
23 410747
24 213200
25 368669
26 152770
27 227121
28 136574
29 229039
30 11152
31 442541
32 524027
33 500747
34 529227
35 490490
36 302509
37 180569
38 331200
39 463477
40 527121
41 251964
42 196827
43 467195
44 124220
45 526560
46 81303
47 186400
48 442010
49 520608
50 130542
51 407436
52 403329
53 471456
54 167159
55 12177
56 327497
57 14425
58 122338
59 498708
60 356893
61 374161
62 305601
63 488943
64 182085
65 1500
66 121344
67 186249
68 226851
69 254640
70 309993
71 515331
72 458185
73 125000
74 303834
75 443987
76 442248
77 76261
78 490861
79 121768
80 193834
81 193153
82 100464
83 238729
84 200566
85 424386
86 282212
87 432157
88 144800
89 13499
90 213937
91 19625
92 50856
93 207132
94 54519
95 409123
96 90431
97 24328
98 476572
99 541245
100 391979
