0(224484): 0(0.695486), 
1(377023): 0(0.476902), 
2(473474): 0(4.951187), 
3(222737): 
4(163046): 0(11.027292), 
5(534978): 0(0.492371), 
6(62080): 0(2.150945), 
7(112169): 1(0.903736), 
8(246858): 1(1.124311), 
9(352393): 1(1.247306), 2(0.709084), 
10(136793): 1(1.117184), 
11(86144): 1(1.124864), 
12(484405): 1(1.524860), 
13(168549): 2(0.556792), 
14(377293): 2(0.471047), 
15(274778): 2(1.437276), 
16(73333): 2(1.282210), 
17(173539): 2(1.708168), 
18(13655): 
19(316385): 2(0.571016), 
20(209292): 2(0.571865), 
21(301702): 
22(295279): 2(0.627264), 
23(178628): 2(0.571212), 
24(249270): 0(0.403159), 
25(473755): 0(1.646996), 
26(344889): 
27(80682): 0(0.403182), 
28(530348): 0(0.403823), 
29(267959): 0(0.403797), 
30(43657): 0(0.403579), 
31(136713): 0(0.403370), 
32(157416): 2(1.382571), 
33(155031): 1(0.768038), 
34(295861): 1(0.770134), 
35(271319): 1(0.550368), 
36(437561): 
37(141287): 1(0.463022), 
