0(537958): 1(0.825656), 
1(180908): 1(2.174496), 
2(526859): 1(1.070141), 
3(437619): 1(1.221340), 
4(445783): 1(1.281448), 
5(425633): 2(2.741624), 
6(533815): 2(0.921807), 
7(484370): 2(1.446794), 
8(460244): 2(0.854540), 
9(491208): 1(0.880215), 2(0.579854), 
10(105517): 
11(156266): 
12(172006): 2(0.492631), 
13(93020): 2(0.699071), 
14(473103): 
15(347255): 
16(395309): 
17(390045): 
18(48464): 
19(425999): 
20(273739): 
21(361208): 
22(223117): 
23(254008): 
24(441937): 0(1.978844), 
25(170001): 0(1.246108), 
26(185169): 0(0.452218), 
27(231450): 0(2.376277), 
28(386984): 0(0.783156), 
29(32026): 0(0.621700), 
30(437015): 0(0.441437), 
31(51830): 0(0.895717), 
32(523179): 0(0.312646), 
33(265216): 0(0.543938), 
34(101413): 0(0.759898), 
35(539236): 1(0.459449), 
36(387160): 1(0.825912), 
37(76087): 
38(435928): 
39(508382): 
40(268517): 
41(11413): 
