0(122553): 
1(234872): 0(28.575263), 
2(312017): 1(0.765997), 2(0.765997), 3(0.765997), 
3(19088): 
4(342254): 1(0.947237), 2(0.947237), 3(0.947237), 
5(435829): 
6(285418): 
7(211235): 
8(521994): 0(0.645661), 1(0.838986), 2(0.838986), 3(0.838986), 
9(107716): 
10(107706): 1(1.913646), 2(1.913646), 3(1.913646), 
11(107705): 
12(135539): 
13(341855): 
14(196367): 
15(226384): 
16(311950): 0(0.490246), 
17(115253): 
18(503201): 
19(14011): 
20(282729): 
21(135151): 0(2.227336), 
22(324629): 
23(107776): 
24(243825): 
25(13211): 
26(65997): 1(0.590504), 2(0.590504), 3(0.590504), 
27(107709): 
28(456222): 
29(168508): 
30(468118): 
31(67958): 
32(200069): 
