0(412163): 
1(318212): 
2(186022): 
3(401798): 
4(346322): 
5(435398): 
6(329078): 
7(309411): 
8(522378): 
9(434830): 
10(541690): 
11(252719): 
12(64879): 
13(539292): 
14(108892): 1(0.316271), 
15(279830): 1(0.790264), 
16(268123): 1(0.112670), 
17(394886): 1(0.541192), 
18(343306): 
19(205838): 
20(542633): 
21(277617): 
22(482584): 
23(273775): 
24(137050): 
25(271643): 1(0.535845), 
26(123159): 1(0.225778), 
27(366824): 
28(127262): 
29(318538): 
30(300975): 
31(154509): 
32(151849): 
33(330328): 
34(447892): 
35(92472): 
36(314719): 
37(67572): 
38(208714): 
39(429708): 
40(116969): 
41(166549): 
42(543516): 
43(34895): 
44(190765): 1(0.327800), 
45(428737): 1(0.158817), 
46(176159): 1(0.284962), 
47(475666): 1(0.322432), 
48(230788): 1(0.619160), 
49(19509): 1(0.780886), 
50(373756): 1(0.355915), 
51(150207): 1(0.326826), 
52(258382): 
53(115533): 
54(449985): 1(0.174458), 
55(314250): 
56(335183): 
57(127199): 
58(93356): 
59(191775): 
60(535477): 
61(414657): 
62(196008): 
63(186386): 
64(123953): 1(0.384303), 
65(49424): 1(0.252850), 
66(385399): 
67(325052): 
68(379102): 
69(124992): 
70(460073): 1(0.129670), 
71(30093): 
72(244578): 1(0.161465), 
73(204126): 1(0.182412), 
74(205676): 
75(116096): 
76(294393): 1(0.605799), 
77(536482): 
78(95427): 
79(383087): 
80(229209): 
81(458993): 
82(43379): 
83(98081): 
84(38265): 
85(29354): 1(0.137903), 
86(521655): 1(0.638887), 
87(98199): 1(0.125542), 
88(142115): 
89(530647): 
90(504199): 
91(401268): 
92(287524): 
93(30690): 
94(217871): 
95(512729): 
96(275237): 
97(30398): 
98(523046): 
99(370416): 1(0.116384), 
100(470620): 
101(401449): 
102(499583): 1(0.137027), 
103(74895): 1(0.134623), 
104(199759): 
105(46508): 
106(298507): 
107(489905): 
108(392463): 
109(336905): 
110(432229): 
111(120615): 
112(225233): 
113(204966): 
114(77701): 
115(541122): 
116(2486): 
117(476448): 1(0.353050), 
118(242933): 1(0.188291), 
119(363079): 
120(361524): 1(0.395998), 
121(52785): 1(0.189616), 
122(80379): 
123(111376): 1(0.155081), 
124(350442): 1(0.156889), 
125(153979): 1(0.156870), 
126(19999): 1(0.302559), 
127(185822): 1(0.145311), 
128(478676): 1(0.189926), 
129(18041): 1(0.319325), 
130(209480): 1(0.144807), 
131(504784): 1(0.147388), 
132(71187): 
133(373799): 1(0.404099), 
134(473001): 
135(30688): 
136(59759): 
137(256445): 
138(176184): 
139(377247): 
140(277024): 
141(261562): 
142(276567): 
143(306636): 
144(141618): 
145(535762): 
146(59285): 
147(294679): 
148(80756): 
149(448649): 1(0.143528), 
150(161737): 1(0.135660), 
151(186827): 
152(187924): 
153(198973): 
154(60211): 
155(482986): 1(0.147934), 
156(518306): 
157(440745): 
158(193240): 1(0.146616), 
159(295177): 1(0.353465), 
160(265066): 1(0.157634), 
161(141635): 
162(30962): 1(0.240234), 
163(127928): 
164(236947): 1(0.152780), 
165(179698): 
166(246180): 
167(417521): 
168(221281): 
169(433190): 
170(202986): 
171(345901): 
172(502212): 
173(85524): 1(0.116383), 
174(280255): 1(0.289527), 
175(29586): 
176(173727): 
177(120699): 1(0.157023), 
178(203272): 1(0.221404), 
179(366654): 
180(83906): 
181(326849): 
182(14686): 
183(497867): 
184(470004): 
185(340331): 
186(299611): 
187(419862): 
188(152407): 
189(365354): 
190(108259): 1(0.120752), 
191(321619): 
192(423864): 
193(75780): 
194(119359): 
195(166566): 
196(186575): 1(0.187097), 
197(272735): 1(0.113924), 
198(503684): 
199(222414): 
200(485080): 
201(84839): 
202(326211): 
203(317367): 1(0.163656), 
204(79870): 1(0.151758), 
205(52511): 
206(326093): 
207(519686): 
208(278): 
209(45362): 
210(462210): 
211(252125): 
212(418177): 
213(104553): 
214(527792): 
215(182923): 
216(99026): 
217(51157): 
218(296069): 
219(149809): 
220(380338): 
221(51902): 
222(390680): 
223(275861): 
224(371029): 1(0.363241), 
225(402379): 1(0.228514), 
226(298254): 
227(447224): 1(0.143208), 
228(500473): 1(0.229855), 
229(317146): 
230(448214): 
231(263317): 
232(59912): 
233(230262): 
234(109222): 
235(35067): 
236(310851): 1(0.181217), 
237(404948): 1(0.159049), 
238(122517): 
239(33710): 
240(374874): 
241(511278): 
242(396502): 1(0.227536), 
243(285549): 
244(296111): 1(0.223162), 
245(181025): 
246(67016): 
247(172218): 
248(301761): 
249(496201): 
250(52500): 
251(33251): 
252(127821): 
253(272957): 
254(70522): 
255(443731): 
256(154202): 
257(299055): 
258(277713): 
259(231620): 
260(110453): 
261(60627): 
262(38671): 1(0.359908), 
263(181492): 1(0.151351), 
264(42473): 1(0.114045), 
265(219603): 
266(84285): 
267(383731): 
268(338128): 
269(145797): 
270(511689): 
271(293587): 
272(285669): 
273(394703): 
274(138024): 
275(250046): 
276(273209): 
277(123681): 
278(211967): 1(0.151404), 
279(365309): 
280(430314): 1(0.136246), 
281(168941): 
282(427507): 
283(216422): 
284(313307): 
285(182201): 
286(289953): 
287(353264): 
288(355378): 
289(443332): 
290(347716): 
291(85871): 
292(423198): 
293(84693): 
294(310236): 
295(495476): 
296(393031): 
297(504412): 
298(226541): 
299(384330): 
300(446298): 1(0.148688), 
301(182435): 1(0.148959), 
302(403034): 
303(423306): 1(0.189111), 
304(59532): 
305(370979): 
306(416162): 
307(263093): 
308(68495): 
309(295752): 1(0.112009), 
310(119854): 
311(409356): 
312(471336): 
313(104481): 
314(334788): 
315(376985): 
316(491667): 
317(451931): 
318(313006): 1(0.155021), 
319(96125): 
320(12959): 
321(426835): 
322(112056): 
323(217346): 
324(484561): 
325(451488): 
326(399572): 
327(45561): 
328(59613): 
329(83510): 
330(428993): 
331(287582): 
332(21786): 
333(197919): 
334(440989): 
335(452208): 
336(326874): 
337(417198): 
338(35308): 
339(4328): 
340(304727): 
