74703	310594
74703	132771
74703	336537
74703	124223
74703	157592
74703	295343
74703	312581
521818	132771
521818	336537
521818	157592
521818	295343
521818	312581
521818	50037
54603	59216
54603	247826
54603	132771
479755	120296
479755	118408
479755	176119
479755	392075
479755	60613
330216	256182
330216	31798
330216	411667
330216	258456
330216	139847
330216	164668
330216	435530
392075	118408
392075	222033
392075	479755
392075	176119
392075	60613
491069	131061
491069	510013
491069	108640
327789	523270
327789	533939
327789	529142
327789	187171
327789	99160
327789	407423
327789	344721
520459	348809
520459	522261
520459	336537
520459	72965
520459	332507
520459	312581
139847	326337
139847	351039
139847	77068
139847	509664
139847	180583
139847	405299
139847	330216
139847	452442
120296	60613
120296	526090
120296	393447
120296	479755
120296	134894
120296	118408
120296	222033
120296	369501
120296	176119
120296	95308
294519	118408
294519	222033
294519	60613
294519	134894
59216	247826
59216	54603
59216	206281
348809	332507
348809	312581
348809	522261
348809	520459
348809	336537
118408	60613
118408	526090
118408	393447
118408	3365
118408	246286
118408	479755
118408	392075
118408	222033
118408	369501
118408	459834
118408	120296
118408	176119
118408	95308
118408	294519
251915	290324
251915	222033
251915	331590
251915	134894
331590	110029
331590	251915
331590	134894
60613	459834
60613	246286
60613	479755
60613	134894
60613	118408
60613	110029
60613	120296
60613	176119
60613	392075
60613	294519
213937	404494
407423	327789
407423	99160
407423	452442
525237	134894
411667	256182
411667	31798
411667	435530
411667	330216
411667	164668
72965	332507
72965	312581
72965	520459
72965	336537
404609	27877
404609	152594
404609	399606
404609	144958
404609	16253
404609	531808
404609	148960
404609	330122
404609	344721
31798	326337
31798	411667
31798	258456
31798	164668
31798	435530
31798	330216
31798	452442
375640	152594
375640	399606
375640	132771
375640	157592
375640	351604
375640	330122
375640	50037
16253	27877
16253	264303
16253	380681
16253	144958
16253	404609
16253	344721
435530	31798
435530	411667
435530	258456
435530	164668
435530	330216
435530	452442
312581	74703
312581	521818
312581	522261
312581	519036
312581	348809
312581	520459
312581	72965
312581	50037
330122	27877
330122	521011
330122	399606
330122	380681
330122	375640
330122	163023
330122	148960
330122	351604
330122	404609
351039	256182
351039	206281
351039	139847
351039	107419
264303	326337
264303	509664
264303	160435
264303	16253
264303	405299
264303	452442
163023	380681
163023	521011
163023	330122
310594	74703
310594	351604
310594	399606
310594	50037
310594	132771
533939	523270
533939	247826
533939	327789
533939	529142
533939	232354
533939	99160
523270	332507
523270	327789
523270	99160
523270	533939
393447	118408
393447	120296
393447	134894
131061	491069
131061	510013
131061	134894
131061	108640
258456	256182
258456	31798
258456	435530
258456	330216
258456	164668
232354	247826
232354	533939
187171	327789
187171	529142
452442	256182
452442	31798
452442	264303
452442	482957
452442	77068
452442	509664
452442	160435
452442	206281
452442	139847
452442	164668
452442	435530
452442	407423
122211	62960
521011	330122
521011	460548
521011	163023
509664	256182
509664	264303
509664	482957
509664	405299
509664	160435
509664	77068
509664	139847
509664	164668
509664	206281
509664	452442
132771	74703
132771	521818
132771	399606
132771	310594
132771	54603
132771	124223
132771	375640
132771	50037
157592	74703
157592	521818
157592	399606
157592	375640
157592	351604
157592	50037
256182	326337
256182	351039
256182	509664
256182	180583
256182	411667
256182	258456
256182	405299
256182	330216
256182	452442
529142	533939
529142	99160
529142	327789
529142	187171
222033	459834
222033	246286
222033	404494
222033	134894
222033	118408
222033	251915
222033	120296
222033	84592
222033	176119
222033	392075
222033	294519
399606	152594
399606	232913
399606	460548
399606	310594
399606	375640
399606	132771
399606	157592
399606	148960
399606	404609
399606	330122
519036	332507
519036	312581
519036	336537
3365	118408
3365	97698
3365	493057
3365	90677
405299	256182
405299	326337
405299	482957
405299	77068
405299	509664
405299	160435
405299	264303
405299	206281
405299	139847
405299	164668
84592	222033
84592	505904
84592	134894
84592	404494
505904	247826
505904	134894
505904	84592
27877	152594
27877	232913
27877	460548
27877	144958
27877	16253
27877	531808
27877	148960
27877	404609
27877	330122
232913	27877
232913	380681
232913	351604
232913	399606
232913	344721
526090	118408
526090	120296
526090	134894
326337	256182
326337	31798
326337	264303
326337	482957
326337	405299
326337	160435
326337	77068
326337	139847
326337	164668
326337	206281
107419	180583
107419	351039
351604	152594
351604	232913
351604	460548
351604	310594
351604	375640
351604	157592
351604	330122
369501	118408
369501	120296
369501	134894
97698	3365
97698	190418
522261	332507
522261	348809
522261	312581
522261	520459
522261	336537
482957	405299
482957	326337
482957	452442
482957	509664
482957	206281
160435	405299
160435	264303
160435	509664
160435	326337
160435	452442
148960	27877
148960	404609
148960	330122
148960	399606
148960	460548
90677	3365
90677	493057
50037	521818
50037	310594
50037	375640
50037	132771
50037	124223
50037	157592
50037	295343
50037	312581
152594	27877
152594	399606
152594	380681
152594	375640
152594	351604
152594	404609
152594	344721
108640	131061
108640	510013
108640	491069
380681	152594
380681	232913
380681	460548
380681	163023
380681	16253
380681	531808
380681	144958
380681	330122
380681	344721
247826	59216
247826	54603
247826	533939
247826	505904
247826	232354
404494	84592
404494	222033
404494	134894
404494	213937
336537	74703
336537	521818
336537	522261
336537	519036
336537	348809
336537	520459
336537	124223
336537	72965
336537	295343
77068	326337
77068	509664
77068	405299
77068	139847
77068	164668
77068	452442
110029	290324
110029	60613
110029	510013
110029	134894
110029	331590
176119	60613
176119	479755
176119	118408
176119	222033
176119	120296
176119	392075
290324	110029
290324	134894
290324	251915
206281	59216
206281	326337
206281	351039
206281	509664
206281	405299
206281	452442
206281	482957
99160	523270
99160	533939
99160	529142
99160	407423
99160	327789
180583	256182
180583	139847
180583	107419
180583	164668
144958	27877
144958	460548
144958	380681
144958	16253
144958	531808
144958	404609
124223	332507
124223	74703
124223	132771
124223	336537
124223	50037
62960	122211
62960	134894
164668	31798
164668	326337
164668	405299
164668	509664
164668	180583
164668	411667
164668	258456
164668	77068
164668	435530
164668	330216
164668	452442
332507	523270
332507	348809
332507	522261
332507	519036
332507	520459
332507	124223
332507	72965
332507	295343
493057	3365
493057	90677
190418	97698
190418	459834
460548	27877
460548	521011
460548	399606
460548	380681
460548	144958
460548	148960
460548	351604
460548	344721
246286	118408
246286	222033
246286	60613
246286	134894
295343	332507
295343	74703
295343	521818
295343	336537
295343	50037
95308	118408
95308	120296
95308	134894
344721	152594
344721	232913
344721	460548
344721	380681
344721	327789
344721	16253
344721	531808
344721	404609
459834	118408
459834	222033
459834	60613
459834	190418
134894	60613
134894	526090
134894	393447
134894	131061
134894	525237
134894	404494
134894	290324
134894	62960
134894	110029
134894	251915
134894	369501
134894	120296
134894	84592
134894	222033
134894	505904
134894	95308
134894	246286
134894	294519
134894	331590
531808	27877
531808	380681
531808	404609
531808	144958
531808	344721
510013	491069
510013	131061
510013	110029
510013	108640
