0(7933): 0(0.592423), 3(0.592423), 
1(472771): 0(0.877999), 3(0.877999), 
2(52879): 0(0.544314), 3(0.544314), 
3(102398): 0(0.725949), 3(0.725949), 
4(497625): 0(0.569328), 3(0.569328), 
5(127074): 0(0.661643), 3(0.661643), 
6(196165): 0(0.927633), 3(0.927633), 
7(205831): 0(0.557161), 3(0.557161), 
8(282034): 1(0.424769), 2(0.424769), 
9(382206): 1(1.071705), 2(1.071705), 
10(16714): 1(0.469946), 2(0.469946), 
11(341768): 1(1.054610), 2(1.054610), 
12(516440): 
13(37345): 1(0.557519), 2(0.557519), 
14(433499): 1(0.553521), 2(0.553521), 
15(165039): 0(0.478800), 3(0.478800), 
16(366000): 1(0.566624), 2(0.566624), 
17(73991): 0(0.630390), 3(0.630390), 
18(266126): 
19(77749): 0(0.600070), 3(0.600070), 
20(329117): 
21(190124): 
22(320467): 
23(115587): 
24(182913): 
25(20070): 
26(257703): 1(0.424896), 2(0.424896), 
27(457659): 1(0.426101), 2(0.426101), 
28(481690): 
29(15292): 
30(282762): 
31(180692): 
32(46754): 
33(251441): 
34(322012): 
