0 405799
1 147145
2 359178
3 67672
4 275335
5 158454
6 125406
7 132318
8 422962
9 80272
10 110323
11 362293
12 383431
13 159005
14 371021
15 418732
16 507999
17 18471
18 363607
19 297774
20 121312
21 233409
22 369656
23 369653
24 364596
25 289737
26 246158
27 546837
28 465830
29 96142
30 224454
31 271642
32 40254
33 460491
34 205588
35 462518
36 68880
37 339366
38 378535
39 427154
40 239268
41 100833
42 265279
43 149965
44 399588
45 473137
46 357876
47 283768
48 94065
49 118660
50 340566
51 311666
52 110311
53 485445
54 194464
55 304953
56 198299
57 257803
58 473883
59 479286
60 526677
61 476307
62 303877
63 201370
64 386144
65 539010
66 118002
67 40507
68 337328
69 394938
70 25988
71 277193
72 504760
73 521948
74 508430
75 96164
76 86377
77 474071
78 452706
