0(544391): 
1(88867): 0(0.218780), 1(0.218780), 3(0.218780), 4(0.218780), 
2(15554): 0(0.243315), 1(0.243315), 3(0.243315), 4(0.243315), 
3(377393): 
4(296660): 0(0.268334), 1(0.268334), 3(0.268334), 4(0.268334), 
5(439553): 0(0.286404), 1(0.286404), 3(0.286404), 4(0.286404), 
6(123533): 
7(83252): 
8(92920): 
9(73966): 
10(504364): 
11(157915): 
12(147977): 
13(14567): 
14(8926): 
15(332123): 
16(512705): 
17(327740): 
18(107930): 
19(505559): 
20(121262): 
21(412972): 
22(48359): 0(0.244877), 1(0.244877), 3(0.244877), 4(0.244877), 
23(60779): 
24(40318): 
25(474184): 0(0.220994), 1(0.220994), 3(0.220994), 4(0.220994), 
26(419830): 0(0.264857), 1(0.264857), 3(0.264857), 4(0.264857), 
27(465101): 
28(433145): 
29(454538): 0(0.297255), 1(0.297255), 3(0.297255), 4(0.297255), 
30(153173): 
31(184707): 
32(119275): 
33(183951): 0(0.246228), 1(0.246228), 3(0.246228), 4(0.246228), 
34(168608): 
35(2625): 
36(164151): 
37(395771): 0(0.263018), 1(0.263018), 3(0.263018), 4(0.263018), 
38(492176): 
39(423124): 
40(316031): 
41(531007): 
42(10997): 
43(351358): 
44(405648): 
45(319052): 
46(63483): 
47(533484): 
48(5338): 
49(245970): 
50(309070): 
51(431758): 
52(541359): 
53(534192): 
54(88974): 
55(173221): 
56(126713): 
57(220148): 
58(423708): 
59(371893): 
60(315743): 
61(52895): 
62(271345): 
63(198181): 
64(433665): 
65(385756): 
66(492399): 
67(42819): 
68(185630): 
69(191745): 
70(213689): 
71(281663): 
72(74666): 
73(129562): 
74(184528): 
75(428970): 
76(526588): 
77(520858): 
78(343898): 
79(217000): 
80(105394): 0(0.219164), 1(0.219164), 3(0.219164), 4(0.219164), 
81(522223): 0(0.245431), 1(0.245431), 3(0.245431), 4(0.245431), 
82(99335): 
83(248193): 
84(425261): 
85(184010): 0(0.219061), 1(0.219061), 3(0.219061), 4(0.219061), 
86(497950): 
87(246810): 0(0.218862), 1(0.218862), 3(0.218862), 4(0.218862), 
88(509523): 0(0.217912), 1(0.217912), 3(0.217912), 4(0.217912), 
89(280134): 
90(188991): 
91(344237): 
92(147760): 
93(265286): 
94(21532): 
95(258433): 
96(85570): 
97(467711): 
98(71292): 
99(444736): 
100(491586): 
101(535723): 
102(265474): 
103(47559): 
104(362223): 
105(343067): 0(0.304984), 1(0.304984), 3(0.304984), 4(0.304984), 
106(476031): 
107(376352): 0(0.279886), 1(0.279886), 3(0.279886), 4(0.279886), 
108(42921): 2(1.068704), 
109(471591): 
110(533970): 
111(244947): 
112(186253): 
113(293867): 
114(356693): 
115(29201): 
116(497880): 
117(98354): 
118(130619): 
119(392256): 
120(450482): 
121(434007): 
122(493039): 
123(223185): 
124(248492): 0(0.219988), 1(0.219988), 3(0.219988), 4(0.219988), 
125(79227): 
126(193587): 
127(27137): 
128(254441): 
129(150430): 
130(6971): 
131(394033): 
132(537524): 2(0.946019), 
133(169464): 2(2.062691), 
134(525304): 2(1.815099), 
135(89408): 2(0.678601), 
136(144994): 2(1.739747), 
137(19877): 2(1.808279), 
138(272733): 
139(324898): 
140(465985): 2(0.447852), 
141(234028): 2(1.233684), 
142(8003): 2(0.687271), 
143(198073): 
144(180642): 
145(493381): 
146(355265): 
147(302081): 
148(527703): 
149(38476): 
150(162584): 
151(45769): 2(0.377924), 
152(361437): 
