0(95788): 0(0.420586), 1(0.420586), 2(0.420586), 
1(286322): 
2(353273): 
3(255781): 
4(442207): 
5(292712): 0(2.154559), 1(2.154559), 2(2.154559), 
6(91645): 0(0.486045), 1(0.486045), 2(0.486045), 
7(377255): 0(0.455681), 1(0.455681), 2(0.455681), 
8(70863): 0(2.414771), 1(2.414771), 2(2.414771), 
9(134064): 
10(453395): 
11(192759): 
12(259921): 
13(386664): 
14(437385): 
15(150165): 
16(301086): 0(1.276024), 1(1.276024), 2(1.276024), 
17(230977): 
18(414566): 
19(341644): 
20(158928): 
21(317602): 
22(102898): 
23(83615): 
24(108191): 
25(516125): 
26(498563): 
27(64652): 
28(519652): 
29(472533): 
30(341939): 
31(533734): 
