0(122728): 4(0.643737), 
1(467827): 
2(320545): 4(2.496665), 
3(22979): 4(8.209409), 
4(13752): 0(4.885323), 1(4.885323), 4(1.799561), 
5(371837): 4(40.217383), 
6(316752): 2(0.871868), 3(0.871868), 
7(329817): 
8(395752): 0(3.466587), 1(3.466587), 
9(43798): 4(2.360246), 
10(290347): 2(1.031525), 3(1.031525), 
11(459197): 2(0.727395), 3(0.727395), 4(0.723317), 
12(13146): 
13(473456): 
14(352817): 0(0.719863), 1(0.719863), 
15(159929): 0(0.927116), 1(0.927116), 2(0.533527), 3(0.533527), 
16(51660): 
17(320761): 
18(87311): 
19(136953): 0(2.365145), 1(2.365145), 
20(443545): 
21(298914): 2(0.648574), 3(0.648574), 
22(225783): 
23(301823): 
24(114838): 
25(483004): 
26(202021): 
