0(468067): 0(16.788020), 1(16.788020), 2(16.788020), 
1(529657): 0(6.340854), 1(6.340854), 2(6.340854), 
2(382042): 
3(340717): 
4(274716): 
5(524036): 
6(294112): 
7(516030): 0(7.189535), 1(7.189535), 2(7.189535), 
8(407032): 
9(518931): 0(3.649384), 1(3.649384), 2(3.649384), 
10(480598): 
11(241838): 
12(169977): 
13(482603): 
14(428062): 
15(530354): 0(0.796409), 1(0.796409), 2(0.796409), 
16(283188): 
17(430923): 
18(431108): 
19(270134): 0(0.496397), 1(0.496397), 2(0.496397), 
20(239660): 
21(174729): 
22(439717): 
23(259635): 
24(414527): 
25(237477): 
26(519782): 
