0(7933): 1(0.720753), 3(0.720753), 
1(472771): 1(2.215065), 3(2.215065), 
2(52879): 1(0.789804), 3(0.789804), 
3(102398): 
4(497625): 1(1.144942), 3(1.144942), 
5(127074): 1(0.538365), 3(0.538365), 
6(196165): 
7(205831): 
8(282034): 
9(382206): 0(0.532342), 2(0.532342), 4(0.532342), 5(0.532342), 
10(16714): 
11(341768): 0(0.564939), 2(0.564939), 4(0.564939), 5(0.564939), 
12(516440): 
13(37345): 
14(433499): 
15(165039): 0(0.674769), 2(0.674769), 4(0.674769), 5(0.674769), 
16(366000): 0(0.527989), 2(0.527989), 4(0.527989), 5(0.527989), 
17(73991): 1(1.147414), 3(1.147414), 
18(266126): 0(0.494073), 2(0.494073), 4(0.494073), 5(0.494073), 
19(77749): 1(0.790229), 3(0.790229), 
20(329117): 
21(190124): 
22(320467): 
23(115587): 
24(182913): 
25(20070): 
26(257703): 
27(457659): 
28(481690): 
29(15292): 
30(282762): 
31(180692): 
32(46754): 
33(251441): 
34(322012): 
