0 445196
1 363588
2 425057
3 288908
4 431285
5 494329
6 448900
7 287734
8 166059
9 353282
10 190199
11 298152
12 354492
13 530630
14 202277
15 283842
16 455205
17 507462
18 224377
19 339357
20 401187
21 363055
22 434890
23 520543
24 91351
25 282873
26 103928
27 479011
28 137778
29 307186
30 361376
31 282154
32 257765
33 40319
34 235408
35 491652
36 40330
37 135937
38 394441
39 354845
40 37313
41 138586
42 326049
43 506415
44 535792
45 8130
46 471901
47 36893
48 287998
49 438922
50 404569
51 92426
52 157349
53 48815
54 439705
55 412381
56 71938
57 2126
58 453143
59 25482
60 435544
61 419838
62 73917
63 61872
64 464271
65 107996
66 190549
67 249182
68 452964
69 49247
70 466579
71 269463
72 195082
73 420900
74 536374
75 3951
76 444746
77 438282
78 344945
79 28682
80 390591
81 19411
82 373235
83 533891
84 260186
85 105769
86 463156
87 184063
88 377269
89 283515
90 123850
91 482474
92 55648
93 458402
94 273695
95 288917
96 501176
97 9345
