iter  precision  recall
1  0.000000  0.000000
2  0.000000  0.000000
3  0.000000  0.000000
4  0.000000  0.000000
5  0.000000  0.000000
6  0.166667  0.001789
7  0.285714  0.003578
8  0.250000  0.003578
9  0.222222  0.003578
10  0.200000  0.003578
11  0.181818  0.003578
12  0.166667  0.003578
13  0.153846  0.003578
14  0.142857  0.003578
15  0.133333  0.003578
16  0.125000  0.003578
17  0.117647  0.003578
18  0.111111  0.003578
19  0.105263  0.003578
20  0.100000  0.003578
21  0.095238  0.003578
22  0.090909  0.003578
23  0.086957  0.003578
24  0.083333  0.003578
25  0.080000  0.003578
26  0.076923  0.003578
27  0.074074  0.003578
28  0.071429  0.003578
29  0.068966  0.003578
30  0.066667  0.003578
31  0.064516  0.003578
32  0.062500  0.003578
33  0.060606  0.003578
34  0.058824  0.003578
35  0.057143  0.003578
36  0.055556  0.003578
37  0.054054  0.003578
38  0.052632  0.003578
39  0.051282  0.003578
40  0.050000  0.003578
41  0.048780  0.003578
42  0.047619  0.003578
43  0.046512  0.003578
44  0.045455  0.003578
45  0.044444  0.003578
46  0.043478  0.003578
47  0.042553  0.003578
48  0.041667  0.003578
49  0.040816  0.003578
50  0.040000  0.003578
51  0.039216  0.003578
52  0.038462  0.003578
53  0.037736  0.003578
54  0.037037  0.003578
55  0.036364  0.003578
56  0.035714  0.003578
57  0.035088  0.003578
58  0.034483  0.003578
59  0.033898  0.003578
60  0.033333  0.003578
61  0.032787  0.003578
62  0.032258  0.003578
63  0.031746  0.003578
64  0.031250  0.003578
65  0.030769  0.003578
66  0.030303  0.003578
67  0.029851  0.003578
68  0.029412  0.003578
69  0.028986  0.003578
70  0.028571  0.003578
71  0.028169  0.003578
72  0.027778  0.003578
73  0.027397  0.003578
74  0.027027  0.003578
75  0.026667  0.003578
76  0.026316  0.003578
77  0.025974  0.003578
78  0.025641  0.003578
79  0.025316  0.003578
80  0.025000  0.003578
81  0.024691  0.003578
82  0.024390  0.003578
83  0.024096  0.003578
84  0.023810  0.003578
85  0.023529  0.003578
86  0.023256  0.003578
87  0.022989  0.003578
88  0.022727  0.003578
89  0.022472  0.003578
90  0.022222  0.003578
91  0.021978  0.003578
92  0.021739  0.003578
93  0.021505  0.003578
94  0.021277  0.003578
95  0.021053  0.003578
96  0.020833  0.003578
97  0.020619  0.003578
98  0.020408  0.003578
99  0.020202  0.003578
100  0.020000  0.003578
101  0.019802  0.003578
102  0.019608  0.003578
103  0.019417  0.003578
104  0.019231  0.003578
105  0.019048  0.003578
106  0.018868  0.003578
107  0.018692  0.003578
108  0.018519  0.003578
109  0.018349  0.003578
110  0.018182  0.003578
111  0.018018  0.003578
112  0.017857  0.003578
113  0.017699  0.003578
114  0.017544  0.003578
115  0.017391  0.003578
116  0.017241  0.003578
117  0.017094  0.003578
118  0.016949  0.003578
119  0.016807  0.003578
120  0.016667  0.003578
121  0.016529  0.003578
122  0.016393  0.003578
123  0.016260  0.003578
124  0.016129  0.003578
125  0.016000  0.003578
126  0.015873  0.003578
127  0.015748  0.003578
128  0.015625  0.003578
129  0.015504  0.003578
130  0.015385  0.003578
131  0.015267  0.003578
132  0.015152  0.003578
133  0.015038  0.003578
134  0.014925  0.003578
135  0.014815  0.003578
136  0.014706  0.003578
137  0.014599  0.003578
138  0.014493  0.003578
139  0.014388  0.003578
140  0.014286  0.003578
141  0.014184  0.003578
142  0.014085  0.003578
143  0.013986  0.003578
144  0.013889  0.003578
145  0.013793  0.003578
146  0.013699  0.003578
147  0.013605  0.003578
148  0.013514  0.003578
149  0.013423  0.003578
150  0.013333  0.003578
151  0.013245  0.003578
152  0.013158  0.003578
153  0.013072  0.003578
154  0.012987  0.003578
155  0.012903  0.003578
156  0.012821  0.003578
157  0.012739  0.003578
158  0.012658  0.003578
159  0.012579  0.003578
160  0.012500  0.003578
161  0.012422  0.003578
162  0.012346  0.003578
163  0.012270  0.003578
164  0.012195  0.003578
165  0.012121  0.003578
166  0.012048  0.003578
167  0.011976  0.003578
168  0.011905  0.003578
169  0.011834  0.003578
170  0.011765  0.003578
171  0.011696  0.003578
172  0.011628  0.003578
173  0.011561  0.003578
174  0.011494  0.003578
175  0.011429  0.003578
176  0.011364  0.003578
177  0.011299  0.003578
178  0.011236  0.003578
179  0.011173  0.003578
180  0.011111  0.003578
181  0.011050  0.003578
182  0.010989  0.003578
183  0.016393  0.005367
184  0.016304  0.005367
185  0.016216  0.005367
186  0.016129  0.005367
187  0.016043  0.005367
188  0.015957  0.005367
189  0.015873  0.005367
190  0.015789  0.005367
191  0.015707  0.005367
192  0.015625  0.005367
193  0.015544  0.005367
194  0.015464  0.005367
195  0.015385  0.005367
196  0.015306  0.005367
197  0.015228  0.005367
198  0.015152  0.005367
199  0.015075  0.005367
200  0.015000  0.005367
201  0.014925  0.005367
202  0.014851  0.005367
203  0.014778  0.005367
204  0.014706  0.005367
205  0.014634  0.005367
206  0.014563  0.005367
207  0.014493  0.005367
208  0.014423  0.005367
209  0.014354  0.005367
210  0.014286  0.005367
211  0.014218  0.005367
212  0.014151  0.005367
213  0.014085  0.005367
214  0.014019  0.005367
215  0.013953  0.005367
216  0.013889  0.005367
217  0.013825  0.005367
218  0.013761  0.005367
219  0.013699  0.005367
220  0.013636  0.005367
221  0.013575  0.005367
222  0.013514  0.005367
223  0.013453  0.005367
224  0.013393  0.005367
225  0.013333  0.005367
226  0.013274  0.005367
227  0.013216  0.005367
228  0.013158  0.005367
229  0.013100  0.005367
230  0.013043  0.005367
231  0.012987  0.005367
232  0.012931  0.005367
233  0.012876  0.005367
234  0.012821  0.005367
235  0.012766  0.005367
236  0.012712  0.005367
237  0.012658  0.005367
238  0.012605  0.005367
239  0.012552  0.005367
240  0.012500  0.005367
241  0.012448  0.005367
242  0.012397  0.005367
243  0.012346  0.005367
244  0.012295  0.005367
245  0.012245  0.005367
246  0.012195  0.005367
247  0.012146  0.005367
248  0.012097  0.005367
249  0.012048  0.005367
250  0.012000  0.005367
251  0.011952  0.005367
252  0.011905  0.005367
253  0.011858  0.005367
254  0.011811  0.005367
255  0.011765  0.005367
256  0.011719  0.005367
257  0.011673  0.005367
258  0.011628  0.005367
259  0.011583  0.005367
260  0.011538  0.005367
261  0.011494  0.005367
262  0.011450  0.005367
263  0.011407  0.005367
264  0.011364  0.005367
265  0.011321  0.005367
266  0.011278  0.005367
267  0.011236  0.005367
268  0.011194  0.005367
269  0.011152  0.005367
270  0.011111  0.005367
271  0.011070  0.005367
272  0.011029  0.005367
273  0.010989  0.005367
274  0.010949  0.005367
275  0.010909  0.005367
276  0.010870  0.005367
277  0.010830  0.005367
278  0.010791  0.005367
279  0.010753  0.005367
280  0.010714  0.005367
281  0.010676  0.005367
282  0.010638  0.005367
283  0.010601  0.005367
284  0.010563  0.005367
285  0.010526  0.005367
286  0.010490  0.005367
287  0.010453  0.005367
288  0.010417  0.005367
289  0.010381  0.005367
290  0.010345  0.005367
291  0.010309  0.005367
292  0.010274  0.005367
293  0.010239  0.005367
294  0.010204  0.005367
295  0.010169  0.005367
296  0.010135  0.005367
297  0.010101  0.005367
298  0.010067  0.005367
299  0.010033  0.005367
300  0.010000  0.005367
301  0.009967  0.005367
302  0.009934  0.005367
303  0.009901  0.005367
304  0.009868  0.005367
305  0.009836  0.005367
306  0.009804  0.005367
307  0.009772  0.005367
308  0.009740  0.005367
309  0.009709  0.005367
310  0.009677  0.005367
311  0.009646  0.005367
312  0.009615  0.005367
313  0.009585  0.005367
314  0.009554  0.005367
315  0.009524  0.005367
316  0.009494  0.005367
317  0.009464  0.005367
318  0.009434  0.005367
319  0.009404  0.005367
320  0.009375  0.005367
321  0.009346  0.005367
322  0.009317  0.005367
323  0.009288  0.005367
324  0.009259  0.005367
325  0.009231  0.005367
326  0.009202  0.005367
327  0.009174  0.005367
328  0.009146  0.005367
329  0.009119  0.005367
330  0.009091  0.005367
331  0.009063  0.005367
332  0.009036  0.005367
333  0.009009  0.005367
334  0.008982  0.005367
335  0.008955  0.005367
336  0.008929  0.005367
337  0.008902  0.005367
338  0.008876  0.005367
339  0.008850  0.005367
340  0.008824  0.005367
341  0.008798  0.005367
342  0.008772  0.005367
343  0.008746  0.005367
344  0.008721  0.005367
345  0.008696  0.005367
346  0.008671  0.005367
347  0.008646  0.005367
348  0.008621  0.005367
349  0.008596  0.005367
350  0.008571  0.005367
351  0.008547  0.005367
352  0.008523  0.005367
353  0.008499  0.005367
354  0.008475  0.005367
355  0.008451  0.005367
356  0.008427  0.005367
357  0.008403  0.005367
358  0.008380  0.005367
359  0.008357  0.005367
360  0.008333  0.005367
361  0.008310  0.005367
362  0.008287  0.005367
363  0.008264  0.005367
364  0.008242  0.005367
365  0.008219  0.005367
366  0.008197  0.005367
367  0.008174  0.005367
368  0.008152  0.005367
369  0.008130  0.005367
370  0.008108  0.005367
371  0.008086  0.005367
372  0.008065  0.005367
373  0.008043  0.005367
374  0.008021  0.005367
375  0.008000  0.005367
376  0.007979  0.005367
377  0.007958  0.005367
378  0.007937  0.005367
379  0.007916  0.005367
380  0.007895  0.005367
381  0.007874  0.005367
382  0.007853  0.005367
383  0.007833  0.005367
384  0.007812  0.005367
385  0.007792  0.005367
386  0.007772  0.005367
387  0.007752  0.005367
388  0.007732  0.005367
389  0.007712  0.005367
390  0.007692  0.005367
391  0.007673  0.005367
392  0.007653  0.005367
393  0.007634  0.005367
394  0.007614  0.005367
395  0.007595  0.005367
396  0.007576  0.005367
397  0.007557  0.005367
398  0.007538  0.005367
399  0.007519  0.005367
400  0.007500  0.005367
401  0.007481  0.005367
402  0.007463  0.005367
403  0.007444  0.005367
404  0.007426  0.005367
405  0.007407  0.005367
406  0.007389  0.005367
407  0.007371  0.005367
408  0.007353  0.005367
409  0.007335  0.005367
410  0.007317  0.005367
411  0.007299  0.005367
412  0.007282  0.005367
413  0.007264  0.005367
414  0.007246  0.005367
415  0.007229  0.005367
416  0.007212  0.005367
417  0.007194  0.005367
418  0.007177  0.005367
419  0.007160  0.005367
420  0.007143  0.005367
421  0.007126  0.005367
422  0.007109  0.005367
423  0.007092  0.005367
424  0.007075  0.005367
425  0.007059  0.005367
426  0.007042  0.005367
427  0.007026  0.005367
428  0.007009  0.005367
429  0.006993  0.005367
430  0.006977  0.005367
431  0.006961  0.005367
432  0.006944  0.005367
433  0.006928  0.005367
434  0.006912  0.005367
435  0.006897  0.005367
436  0.006881  0.005367
437  0.006865  0.005367
438  0.006849  0.005367
439  0.006834  0.005367
440  0.006818  0.005367
441  0.006803  0.005367
442  0.006787  0.005367
443  0.006772  0.005367
444  0.006757  0.005367
445  0.006742  0.005367
446  0.006726  0.005367
447  0.006711  0.005367
448  0.006696  0.005367
449  0.006682  0.005367
450  0.006667  0.005367
451  0.006652  0.005367
452  0.006637  0.005367
453  0.006623  0.005367
454  0.006608  0.005367
455  0.006593  0.005367
456  0.006579  0.005367
457  0.006565  0.005367
458  0.006550  0.005367
459  0.006536  0.005367
460  0.006522  0.005367
461  0.006508  0.005367
462  0.006494  0.005367
463  0.006479  0.005367
464  0.006466  0.005367
465  0.006452  0.005367
466  0.006438  0.005367
467  0.006424  0.005367
468  0.006410  0.005367
469  0.006397  0.005367
470  0.006383  0.005367
471  0.006369  0.005367
472  0.006356  0.005367
473  0.006342  0.005367
474  0.006329  0.005367
475  0.006316  0.005367
476  0.006303  0.005367
477  0.006289  0.005367
478  0.006276  0.005367
479  0.006263  0.005367
480  0.006250  0.005367
481  0.006237  0.005367
482  0.006224  0.005367
483  0.006211  0.005367
484  0.006198  0.005367
485  0.006186  0.005367
486  0.006173  0.005367
487  0.006160  0.005367
488  0.006148  0.005367
489  0.006135  0.005367
490  0.006122  0.005367
491  0.006110  0.005367
492  0.006098  0.005367
493  0.006085  0.005367
494  0.006073  0.005367
495  0.006061  0.005367
496  0.006048  0.005367
497  0.006036  0.005367
498  0.006024  0.005367
499  0.006012  0.005367
500  0.006000  0.005367
