0(62523): 
1(488157): 
2(379065): 0(0.492942), 1(0.492942), 2(0.492942), 
3(470599): 
4(379180): 0(0.471705), 1(0.471705), 2(0.471705), 
5(32821): 0(0.425093), 1(0.425093), 2(0.425093), 
6(470095): 
7(32879): 0(0.501975), 1(0.501975), 2(0.501975), 
8(465069): 
9(216445): 
10(32818): 0(0.359440), 1(0.359440), 2(0.359440), 
11(173935): 0(0.372430), 1(0.372430), 2(0.372430), 
12(345620): 
13(320928): 
14(126868): 
15(31673): 
16(541545): 
17(228695): 
18(525422): 
19(240517): 
20(265358): 
21(544693): 
22(544694): 
23(187316): 
24(102350): 
25(152486): 
26(363352): 
27(32880): 0(0.483491), 1(0.483491), 2(0.483491), 
28(32871): 0(0.376531), 1(0.376531), 2(0.376531), 
29(32873): 0(0.988139), 1(0.988139), 2(0.988139), 
30(32875): 0(0.483318), 1(0.483318), 2(0.483318), 
31(168637): 0(0.586811), 1(0.586811), 2(0.586811), 
32(137766): 
33(183395): 
34(32819): 0(0.332667), 1(0.332667), 2(0.332667), 
35(137763): 
36(53520): 
37(137761): 
38(239050): 
39(214959): 
40(189279): 
41(32877): 
42(286168): 
43(436108): 
44(285376): 
45(525406): 
46(525393): 
47(32813): 
48(470598): 
49(183412): 
50(22388): 
51(290811): 
52(359912): 
53(278141): 0(0.396043), 1(0.396043), 2(0.396043), 
54(295252): 
55(69451): 
56(216449): 
57(200549): 
58(534744): 
59(334071): 
60(157256): 
61(160909): 
62(140298): 
63(351527): 
64(543711): 
