0(266542): 
1(267803): 0(15.622790), 1(15.622790), 2(15.622790), 3(15.622790), 4(1.484704), 5(1.484704), 6(15.622790), 7(1.484704), 
2(20353): 0(14.449301), 1(14.449301), 2(14.449301), 3(14.449301), 4(8.852961), 5(8.852961), 6(14.449301), 7(8.852961), 
3(462268): 4(15.843007), 5(15.843007), 7(15.843007), 
4(130580): 0(15.632299), 1(15.632299), 2(15.632299), 3(15.632299), 4(1.484662), 5(1.484662), 6(15.632299), 7(1.484662), 
5(357847): 0(7.552767), 1(7.552767), 2(7.552767), 3(7.552767), 4(8.381435), 5(8.381435), 6(7.552767), 7(8.381435), 
6(414330): 
7(309698): 4(16.605169), 5(16.605169), 7(16.605169), 
8(375611): 
9(446541): 
10(517602): 
11(19006): 
12(184854): 
13(36212): 
14(147273): 
15(544044): 
16(465393): 0(1.311648), 1(1.311648), 2(1.311648), 3(1.311648), 6(1.311648), 
17(164738): 
18(544964): 
19(495135): 
20(463325): 
21(325140): 
22(31907): 
23(252271): 
24(452805): 
