0 205753
1 120216
2 514234
3 144759
4 96570
5 170852
6 155547
7 101887
8 522052
9 334949
10 138082
11 282030
12 490663
13 242922
14 77207
15 267488
16 478239
17 54592
18 334702
19 154531
20 502957
21 449271
22 523122
23 148667
24 543383
25 470241
26 29420
27 332625
28 30231
29 534183
30 31816
31 493688
32 183335
33 471504
34 295712
35 68266
36 327230
37 255998
38 153667
39 302934
40 421055
41 524835
42 303224
43 17709
44 99737
45 266875
46 110845
47 323681
48 447132
49 518779
50 291353
51 250473
52 89482
53 174042
54 385452
55 143298
56 214971
57 148815
58 28177
59 387927
60 406316
61 192753
62 430917
63 93050
64 526279
65 267589
66 399472
67 237412
68 113814
69 303820
70 492019
71 54426
72 362794
73 22687
74 62052
75 335207
76 145667
77 241881
78 439926
79 323839
80 388820
81 502220
82 251270
83 207318
84 356552
85 418859
86 513584
87 145796
88 190037
89 276303
90 323234
91 514938
92 122110
93 95025
94 22383
95 220940
96 343273
97 245861
98 51130
99 520043
100 544881
101 173982
102 491704
