0(199507): 2(1.711463), 
1(196987): 2(0.395087), 
2(510562): 2(0.610038), 
3(299112): 2(0.408713), 
4(326225): 2(0.482878), 
5(540659): 2(0.392059), 
6(48467): 
7(204899): 2(0.347554), 
8(7219): 2(0.392177), 
9(260469): 2(1.205506), 
10(410759): 2(1.161332), 
11(87891): 2(0.322675), 
12(197841): 2(0.322742), 
13(355756): 2(0.347318), 
14(73128): 2(0.706170), 
15(416423): 2(0.544844), 
16(42826): 2(0.800329), 
17(274701): 2(0.335591), 
18(422155): 2(0.411462), 
19(284796): 2(0.394127), 
20(68116): 2(0.440173), 
21(321831): 0(0.872876), 
22(1776): 0(1.309865), 
23(518125): 0(1.677723), 
24(518984): 0(2.874484), 
25(159988): 0(0.969544), 
26(533437): 0(0.671545), 
27(446503): 0(3.001745), 
28(371067): 0(0.471644), 
29(399039): 
30(93317): 
31(32065): 
32(233996): 2(0.343911), 
33(380776): 
34(193110): 
35(495357): 2(0.775401), 
36(279290): 
37(203014): 
38(311018): 0(0.717915), 
39(129997): 
40(276007): 
41(293715): 0(0.435094), 
42(194944): 0(2.082589), 
43(206283): 
44(24054): 0(0.596462), 
45(465402): 1(0.355794), 
46(512468): 1(2.077181), 
47(247651): 1(0.788919), 
48(285433): 1(4.956578), 
49(14948): 1(0.992291), 
50(353013): 
51(134663): 
52(156457): 2(0.618056), 
53(452082): 2(0.473184), 
54(520324): 1(0.327359), 
55(199986): 1(5.578870), 
56(15859): 1(0.981976), 
57(63151): 
58(540861): 
59(434410): 
60(497384): 
61(334953): 
62(452464): 
63(182858): 
64(501277): 
