0 74703
1 310594
2 132771
3 336537
4 124223
5 157592
6 295343
7 312581
8 521818
9 50037
10 54603
11 59216
12 247826
13 479755
14 120296
15 118408
16 176119
17 392075
18 60613
19 330216
20 256182
21 31798
22 411667
23 258456
24 139847
25 164668
26 435530
27 222033
28 491069
29 131061
30 510013
31 108640
32 327789
33 523270
34 533939
35 529142
36 187171
37 99160
38 407423
39 344721
40 520459
41 348809
42 522261
43 72965
44 332507
45 326337
46 351039
47 77068
48 509664
49 180583
50 405299
51 452442
52 526090
53 393447
54 134894
55 369501
56 95308
57 294519
58 206281
59 3365
60 246286
61 459834
62 251915
63 290324
64 331590
65 110029
66 213937
67 404494
68 525237
69 404609
70 27877
71 152594
72 399606
73 144958
74 16253
75 531808
76 148960
77 330122
78 375640
79 351604
80 264303
81 380681
82 519036
83 521011
84 163023
85 107419
86 160435
87 232354
88 482957
89 122211
90 62960
91 460548
92 84592
93 232913
94 97698
95 493057
96 90677
97 505904
98 190418
