0(459165): 
1(299825): 0(1.522288), 1(1.522288), 2(1.522288), 3(1.522288), 
2(246380): 
3(300708): 
4(200053): 0(1.157680), 1(1.157680), 2(1.157680), 3(1.157680), 
5(89139): 0(4.145922), 1(4.145922), 2(4.145922), 3(4.145922), 
6(461995): 
7(534520): 0(0.964077), 1(0.964077), 2(0.964077), 3(0.964077), 
8(145106): 
9(129923): 
10(475011): 
11(105230): 
12(495940): 
13(244471): 0(0.560471), 1(0.560471), 2(0.560471), 3(0.560471), 
14(339876): 
15(340706): 
16(521116): 
17(213860): 
18(266813): 
19(539128): 
20(378525): 
21(266108): 
22(230338): 
23(84964): 
