iter  AnomalyNodeRemoved  LL
0 NA -2201565.483058
1 415032 -2201329.326418
2 311176 -2199736.307061
3 534913 -2199632.555316
4 280690 -2199484.217704
5 19974 -2198623.247716
6 151952 -2198456.840693
7 252481 -2198365.351780
8 346886 -2198212.357479
9 458808 -2196722.484734
10 83204 -2196532.696268
11 506603 -2196377.001590
12 51045 -2196292.390023
13 454404 -2196153.594303
14 529503 -2196107.820357
15 285366 -2196063.939218
16 327712 -2196041.954992
17 357793 -2195962.648429
18 54173 -2195899.192090
19 15419 -2195811.688559
20 22672 -2195702.620028
21 389847 -2195440.864231
22 132013 -2195397.238273
23 137042 -2195070.044151
24 182138 -2194917.353560
25 288489 -2194764.662975
26 355062 -2194655.598273
27 98592 -2194568.346512
28 505640 -2194502.907691
29 436513 -2194437.468872
30 509591 -2194415.655932
31 345521 -2194350.217115
32 198149 -2194197.526540
33 444247 -2194066.648905
34 361609 -2193935.771269
35 274593 -2193892.145391
36 475234 -2193848.519513
37 42223 -2193826.706573
38 12860 -2193761.267756
39 259691 -2193717.641877
40 284426 -2193564.951303
41 13177 -2193477.699546
42 236908 -2193368.634850
43 496719 -2193150.505457
44 166938 -2193085.066640
45 405295 -2192779.685491
46 163040 -2192583.369038
47 457072 -2192539.743159
48 205959 -2192496.117281
49 300590 -2192321.613767
50 34120 -2192147.110253
51 444342 -2191994.419679
52 33551 -2191950.793800
53 219207 -2191885.354983
54 451794 -2191841.729104
55 300584 -2191819.916165
56 184680 -2191798.103226
57 236047 -2191667.225591
58 408142 -2191558.160894
59 453828 -2191536.347955
60 233021 -2191514.535016
61 295442 -2191405.470320
62 243423 -2191383.657381
63 263030 -2191318.218563
64 511258 -2191296.405624
65 60688 -2191274.592685
66 115077 -2191252.779745
67 126345 -2191230.966806
68 354790 -2191187.340928
69 141472 -2191078.276232
70 58659 -2190903.772718
71 53795 -2190707.456265
72 127527 -2190598.391569
73 391654 -2190489.326873
74 358538 -2190402.075116
75 274416 -2190380.262176
76 423279 -2190336.636298
77 173347 -2190249.384541
78 413662 -2190162.132784
79 152077 -2190096.693967
80 528781 -2190053.068088
81 290006 -2189965.816331
82 494429 -2189878.564574
83 44431 -2189791.312818
84 108094 -2189747.686939
85 469547 -2189725.874000
86 26496 -2189704.061061
87 515235 -2189573.183425
88 538606 -2189507.744608
89 538610 -2189442.305790
90 263268 -2189398.679912
91 345974 -2189267.802276
92 168972 -2189245.989337
93 492807 -2189202.363459
94 69624 -2189180.550519
95 326416 -2189115.111702
96 388873 -2189071.485823
97 430920 -2189049.672884
98 388874 -2189027.859945
99 523200 -2189006.047006
100 22926 -2188940.608188
101 539863 -2188918.795249
102 355652 -2188896.982310
103 146261 -2188853.356431
104 376112 -2188744.291735
105 326146 -2188700.665857
106 102922 -2188591.601160
107 216337 -2188569.788221
108 313579 -2188504.349404
109 490134 -2188373.471768
110 381725 -2188308.032951
111 393796 -2188242.594133
112 230972 -2188220.781194
113 65561 -2188089.903558
114 322787 -2187959.025923
115 301541 -2187893.587105
116 53535 -2187806.335348
117 154372 -2187719.083592
118 208158 -2187653.644774
119 427063 -2187610.018896
120 201238 -2187544.580078
121 368567 -2187500.954199
122 501272 -2187479.141260
123 359792 -2187457.328321
124 443693 -2187435.515382
125 271671 -2187413.702443
126 469519 -2187370.076564
127 419368 -2187326.450686
128 9165 -2187304.637746
129 192512 -2187282.824807
130 341115 -2187195.573050
131 212808 -2187086.508354
132 177300 -2187064.695415
133 140788 -2186999.256597
134 295911 -2186890.191901
135 338509 -2186824.753084
136 195115 -2186737.501327
137 436141 -2186693.875448
138 335314 -2186672.062509
139 144771 -2186606.623691
140 514626 -2186541.184874
141 446137 -2186519.371934
142 264241 -2186410.307238
143 46602 -2186235.803725
144 429875 -2186213.990785
145 168961 -2186148.551968
146 358409 -2186104.926089
147 540902 -2186017.674332
148 208503 -2185974.048454
149 321551 -2185952.235515
150 272470 -2185864.983758
151 406080 -2185777.732001
152 36150 -2185581.415548
153 177961 -2185559.602609
154 38856 -2185472.350852
155 538613 -2185363.286156
156 319798 -2185276.034399
157 538611 -2185210.595581
158 319799 -2185145.156764
159 1685 -2185123.343824
160 17988 -2184992.466189
161 467164 -2184970.653250
162 17990 -2184905.214432
163 220023 -2184774.336797
164 207734 -2184665.272101
165 366334 -2184599.833283
166 412292 -2184534.394465
167 82842 -2184447.142709
168 319209 -2184403.516830
169 7679 -2184359.890952
170 354396 -2184338.078012
171 163878 -2184316.265073
172 489297 -2184250.826256
173 500489 -2184229.013316
174 161586 -2184207.200377
175 166344 -2184098.135681
176 141379 -2184010.883924
177 327998 -2183945.445106
178 332673 -2183880.006289
179 160702 -2183858.193350
180 265022 -2183836.380410
181 275181 -2183814.567471
182 375429 -2183596.438079
183 247852 -2183530.999261
184 368375 -2183509.186322
185 211498 -2183356.495748
186 166361 -2183269.243991
187 299058 -2183247.431051
188 206679 -2183181.992234
189 233157 -2183072.927538
190 343553 -2183051.114598
191 343609 -2183029.301659
192 230971 -2183007.488720
193 85369 -2182963.862842
194 298449 -2182920.236963
195 37629 -2182898.424024
196 153631 -2182876.611085
197 64738 -2182767.546389
198 184418 -2182745.733449
199 176810 -2182723.920510
200 308766 -2182614.855814
201 380019 -2182505.791118
202 308768 -2182418.539361
203 10456 -2182396.726422
204 308767 -2182374.913483
205 174374 -2182353.100543
206 196643 -2182309.474665
207 75360 -2182287.661726
208 20897 -2182244.035847
209 301316 -2182178.597030
210 233534 -2182113.158212
211 28893 -2182069.532334
212 357569 -2182025.906455
213 452171 -2182004.093516
214 384955 -2181916.841759
215 462280 -2181807.777063
216 259208 -2181720.525306
217 121105 -2181698.712367
218 167215 -2181655.086488
219 543364 -2181589.647671
220 208227 -2181546.021792
221 180357 -2181524.208853
222 140174 -2181327.892400
223 112313 -2181262.453582
224 396595 -2181175.201825
225 112326 -2181066.137129
226 414633 -2180978.885373
227 521099 -2180869.820676
228 293362 -2180826.194798
229 50774 -2180760.755980
230 208548 -2180738.943041
231 184634 -2180651.691284
232 134714 -2180608.065406
233 280696 -2180586.252467
234 15433 -2180520.813649
235 247771 -2180477.187770
236 375983 -2180455.374831
237 406941 -2180346.310135
238 477152 -2180280.871317
239 140183 -2180106.367804
240 425017 -2179953.677229
241 45873 -2179910.051351
242 471207 -2179888.238411
243 108784 -2179844.612533
244 493991 -2179779.173715
245 436359 -2179735.547837
246 291502 -2179670.109019
247 400624 -2179648.296080
248 365019 -2179626.483141
249 9959 -2179604.670202
250 13194 -2179539.231384
251 68775 -2179451.979627
252 386375 -2179386.540809
253 269006 -2179342.914931
254 188036 -2179321.101992
255 459043 -2179212.037296
256 358132 -2179124.785539
257 14859 -2179081.159660
258 159043 -2179037.533782
259 27964 -2179015.720843
260 62244 -2178972.094964
261 91669 -2178884.843207
262 108975 -2178753.965572
263 207538 -2178688.526754
264 15009 -2178623.087937
265 185170 -2178557.649119
266 81729 -2178448.584423
267 405222 -2178426.771484
268 201553 -2178404.958545
269 345411 -2178230.455031
270 418635 -2178077.764456
271 431343 -2178012.325639
272 74354 -2177903.260942
273 376224 -2177816.009186
274 484443 -2177794.196246
275 128808 -2177750.570368
276 397097 -2177728.757429
277 96231 -2177706.944489
278 51407 -2177619.692733
279 500438 -2177576.066854
280 209745 -2177510.628036
281 187817 -2177488.815097
282 361604 -2177445.189219
283 198207 -2177357.937462
284 467215 -2177336.124523
285 483285 -2177314.311583
286 454513 -2177292.498644
287 224223 -2177248.872766
288 329579 -2177161.621009
289 481078 -2177117.995130
290 51718 -2177008.930434
291 533888 -2176943.491617
292 138406 -2176856.239860
293 311830 -2176703.549285
294 113863 -2176529.045772
295 420387 -2176485.419893
296 206475 -2176441.794015
297 138405 -2176376.355197
298 160397 -2176332.729319
299 229807 -2176267.290501
300 538612 -2176223.664622
301 529058 -2176201.851683
302 85046 -2176114.599926
303 172824 -2176005.535230
304 14264 -2175983.722291
305 258720 -2175961.909352
306 346870 -2175940.096413
307 239045 -2175918.283473
308 128419 -2175787.405838
309 357750 -2175765.592899
310 309629 -2175743.779960
311 28483 -2175721.967020
312 383145 -2175569.276446
313 345720 -2175503.837628
314 203043 -2175416.585871
315 8528 -2175394.772932
316 312452 -2175329.334114
317 507441 -2175285.708236
318 534514 -2175198.456479
319 193801 -2175067.578844
320 379278 -2174958.514148
321 388147 -2174936.701208
322 342792 -2174849.449452
323 199795 -2174827.636512
324 210636 -2174805.823573
325 231424 -2174762.197695
326 210637 -2174740.384755
327 331520 -2174653.132999
328 531706 -2174587.694181
329 242706 -2174500.442424
330 488102 -2174478.629485
331 110428 -2174456.816546
332 515848 -2174435.003606
333 527449 -2174369.564789
334 399524 -2174325.938910
335 298337 -2174216.874214
336 161166 -2174195.061275
337 123687 -2174151.435397
338 473081 -2174129.622457
339 158379 -2174042.370700
340 182152 -2173998.744822
341 389849 -2173867.867187
342 534895 -2173846.054247
343 498238 -2173802.428369
344 6539 -2173736.989551
345 433748 -2173671.550734
346 151372 -2173649.737794
347 438185 -2173627.924855
348 438186 -2173606.111916
349 91024 -2173584.298977
350 13401 -2173518.860159
351 58470 -2173453.421341
352 154454 -2173409.795463
353 304925 -2173366.169585
354 304926 -2173344.356645
355 304921 -2173322.543706
356 109257 -2173257.104888
357 499878 -2173235.291949
358 530367 -2173191.666071
359 84356 -2173104.414314
360 57252 -2173038.975496
361 41706 -2172951.723739
362 355704 -2172908.097861
363 494823 -2172886.284922
364 164314 -2172864.471983
365 310000 -2172842.659043
366 291543 -2172733.594347
367 493055 -2172646.342590
368 530881 -2172602.716712
369 348338 -2172471.839077
370 165235 -2172319.148502
371 427370 -2172253.709684
372 207212 -2172231.896745
373 533047 -2172188.270867
374 483930 -2172144.644988
375 339890 -2172122.832049
376 297241 -2172101.019110
377 303444 -2171991.954414
378 143078 -2171926.515596
379 50142 -2171861.076778
380 143860 -2171817.450900
381 331222 -2171686.573265
382 154140 -2171577.508569
383 331220 -2171533.882690
384 331221 -2171468.443872
385 458242 -2171446.630933
386 530974 -2171424.817994
387 421705 -2171228.501541
388 256866 -2171206.688602
389 201082 -2171141.249784
390 473952 -2171075.810966
391 498853 -2171010.372149
392 191985 -2170988.559210
393 540054 -2170879.494513
394 138627 -2170835.868635
395 514967 -2170770.429817
396 162879 -2170726.803939
397 417575 -2170704.991000
398 136989 -2170639.552182
399 26486 -2170617.739243
400 193156 -2170595.926304
401 87505 -2170574.113364
402 318688 -2170530.487486
403 539748 -2170486.861608
404 484171 -2170399.609851
405 468205 -2170312.358094
406 226709 -2170246.919276
407 179726 -2170181.480458
408 400960 -2170159.667519
409 502394 -2170137.854580
410 163865 -2170116.041641
411 53684 -2170094.228702
412 385843 -2170006.976945
413 521134 -2169985.164005
414 201592 -2169941.538127
415 501895 -2169919.725188
416 142885 -2169897.912249
417 375953 -2169854.286370
418 457929 -2169788.847552
419 448998 -2169745.221674
420 172057 -2169723.408735
421 125150 -2169614.344039
422 528919 -2169570.718160
423 106254 -2169527.092282
424 301567 -2169461.653464
425 500048 -2169439.840525
426 538566 -2169396.214646
427 84436 -2169374.401707
428 102926 -2169352.588768
429 395506 -2169221.711133
430 531951 -2169090.833497
431 453184 -2169047.207619
432 28274 -2168850.891166
433 422193 -2168829.078227
434 33978 -2168785.452348
435 187637 -2168654.574713
436 306455 -2168632.761774
437 208692 -2168567.322956
438 471616 -2168480.071199
439 165624 -2168436.445321
440 497401 -2168414.632382
441 38310 -2168349.193564
442 112324 -2168218.315929
443 171745 -2168152.877111
444 438850 -2168021.999476
445 535349 -2167934.747719
446 535350 -2167869.308901
447 434493 -2167803.870083
448 299842 -2167760.244205
449 434495 -2167738.431266
450 531676 -2167716.618327
451 490580 -2167629.366570
452 262777 -2167585.740691
453 75731 -2167563.927752
454 413131 -2167476.675995
455 30770 -2167411.237177
456 68133 -2167323.985421
457 504989 -2167280.359542
458 400906 -2167258.546603
459 468065 -2167084.043089
460 126223 -2166974.978393
461 234758 -2166844.100758
462 417203 -2166735.036062
463 131652 -2166691.410183
464 163166 -2166604.158426
465 317381 -2166582.345487
466 57634 -2166560.532548
467 112205 -2166538.719609
468 128807 -2166516.906669
469 99911 -2166451.467852
470 201212 -2166429.654913
471 208523 -2166364.216095
472 522092 -2166320.590216
473 188202 -2166298.777277
474 329327 -2166233.338460
475 175273 -2166211.525520
476 171345 -2166167.899642
477 64051 -2166146.086703
478 280646 -2166080.647885
479 55832 -2166037.022007
480 291339 -2166015.209067
481 395714 -2165993.396128
482 296099 -2165971.583189
483 425470 -2165906.144371
484 136274 -2165862.518493
485 450563 -2165840.705554
486 293068 -2165666.202040
487 163039 -2165622.576161
488 193096 -2165557.137344
489 546160 -2165469.885587
490 273163 -2165382.633830
491 273167 -2165317.195012
492 410554 -2165295.382073
493 112615 -2165251.756195
494 6454 -2165186.317377
495 400054 -2165164.504438
496 288816 -2165120.878559
497 173411 -2165099.065620
498 460398 -2165077.252681
499 521506 -2165033.626802
500 526469 -2165011.813863
