0(62523): 
1(488157): 2(0.382975), 
2(379065): 2(0.853821), 
3(470599): 2(0.508050), 
4(379180): 2(0.816828), 
5(32821): 2(0.737243), 
6(470095): 
7(32879): 2(0.870235), 
8(465069): 2(0.484586), 
9(216445): 2(0.509951), 
10(32818): 2(0.623060), 
11(173935): 2(0.645016), 
12(345620): 
13(320928): 
14(126868): 0(3.727143), 
15(31673): 0(0.595301), 
16(541545): 
17(228695): 0(0.428865), 
18(525422): 0(0.418556), 
19(265358): 
20(240517): 0(3.269298), 
21(544693): 0(0.432615), 
22(544694): 0(0.346133), 
23(187316): 0(0.965452), 
24(102350): 0(4.962209), 
25(152486): 0(2.107074), 
26(363352): 0(1.797729), 
27(32880): 2(0.836821), 
28(32871): 2(0.651249), 
29(32873): 2(1.708866), 
30(32875): 2(0.837323), 
31(168637): 2(1.016637), 
32(137766): 
33(183395): 
34(32819): 2(0.576442), 
35(137763): 
36(53520): 
37(137761): 
38(239050): 
39(214959): 
40(189279): 
41(32877): 
42(286168): 
43(285376): 
44(436108): 
45(525406): 
46(525393): 
47(32813): 
48(470598): 
49(183412): 
50(22388): 0(0.345268), 
51(290811): 
52(359912): 
53(278141): 2(0.685037), 
54(295252): 
55(69451): 
56(216449): 
57(200549): 
58(534744): 
59(334071): 
60(157256): 
61(160909): 
62(140298): 
63(351527): 
64(543711): 
