0(267773): 
1(243240): 
2(309672): 
3(405609): 
4(247886): 
5(524866): 
6(488077): 0(1.159833), 1(1.159833), 4(1.159833), 
7(437455): 0(0.574412), 1(0.574412), 4(0.574412), 
8(242680): 0(0.802836), 1(0.802836), 4(0.802836), 
9(212225): 
10(271638): 
11(73810): 0(0.462935), 1(0.462935), 2(0.737061), 3(0.737061), 4(0.462935), 5(0.737061), 
12(124578): 0(0.899164), 1(0.899164), 2(0.373980), 3(0.373980), 4(0.899164), 5(0.373980), 
13(519580): 0(0.281591), 1(0.281591), 4(0.281591), 
14(33771): 0(0.285494), 1(0.285494), 4(0.285494), 
15(415676): 2(7.123472), 3(7.123472), 5(7.123472), 
16(529919): 0(0.266777), 1(0.266777), 4(0.266777), 
17(528874): 0(0.285514), 1(0.285514), 4(0.285514), 
18(488851): 0(1.042294), 1(1.042294), 4(1.042294), 
19(523952): 0(0.297006), 1(0.297006), 4(0.297006), 
20(336982): 
21(292275): 
22(531535): 0(0.495110), 1(0.495110), 4(0.495110), 
23(58670): 
24(542645): 0(0.746511), 1(0.746511), 4(0.746511), 
25(129020): 
26(250378): 
27(458156): 
28(147835): 
29(506046): 
30(434010): 
31(268353): 
32(13248): 
33(507217): 
34(478024): 
35(419566): 
36(449361): 
37(502904): 
38(430159): 
39(178031): 
40(33799): 
41(404060): 
42(185383): 
43(463509): 2(0.972352), 3(0.972352), 5(0.972352), 
44(289741): 2(1.405686), 3(1.405686), 5(1.405686), 
45(368252): 2(0.506256), 3(0.506256), 5(0.506256), 
46(257155): 
47(261348): 
48(354276): 
49(449928): 
50(378221): 
51(325599): 
52(157044): 
53(414104): 
54(425548): 
55(322472): 
56(333602): 
57(148008): 
58(152841): 
59(299402): 
60(29563): 
61(426084): 
62(115144): 
63(245523): 
64(144348): 
65(498764): 
66(151159): 
67(76557): 
68(55637): 
69(200642): 
70(314652): 
71(537720): 
72(97018): 
73(121638): 
74(528695): 
75(390333): 
76(366517): 
77(276604): 
78(318245): 
79(342279): 
80(413512): 
81(284228): 
82(248030): 
83(272525): 
84(300621): 
85(194436): 
86(150371): 
87(313665): 
88(175604): 
89(136963): 
90(466454): 
91(526801): 
92(438643): 
93(92212): 
