0 267773
1 243240
2 309672
3 405609
4 247886
5 524866
6 488077
7 437455
8 242680
9 212225
10 271638
11 73810
12 124578
13 519580
14 33771
15 415676
16 529919
17 528874
18 488851
19 523952
20 336982
21 292275
22 531535
23 58670
24 542645
25 129020
26 250378
27 458156
28 147835
29 506046
30 434010
31 268353
32 13248
33 507217
34 478024
35 419566
36 449361
37 502904
38 430159
39 178031
40 33799
41 404060
42 185383
43 463509
44 289741
45 368252
46 257155
47 261348
48 354276
49 449928
50 378221
51 325599
52 157044
53 414104
54 425548
55 322472
56 333602
57 148008
58 152841
59 299402
60 29563
61 426084
62 115144
63 245523
64 144348
65 498764
66 151159
67 76557
68 55637
69 200642
70 314652
71 537720
72 97018
73 121638
74 528695
75 390333
76 366517
77 276604
78 318245
79 342279
80 413512
81 284228
82 248030
83 272525
84 300621
85 194436
86 150371
87 313665
88 175604
89 136963
90 466454
91 526801
92 438643
93 92212
