0(305716): 
1(21659): 2(0.356808), 3(0.356808), 
2(445259): 
3(162709): 2(0.239664), 3(0.239664), 
4(158674): 2(0.257820), 3(0.257820), 
5(501124): 0(0.675436), 
6(140476): 0(1.040856), 
7(412353): 0(0.463310), 
8(61118): 0(0.315856), 
9(129002): 1(0.227048), 
10(278146): 0(0.236727), 
11(270593): 1(0.626911), 
12(2797): 0(1.035471), 
13(389473): 0(0.210592), 
14(72238): 0(0.770485), 
15(282906): 2(0.466673), 3(0.466673), 
16(422063): 
17(14896): 2(0.455817), 3(0.455817), 
18(24397): 
19(411795): 
20(210462): 
21(62867): 2(0.246550), 3(0.246550), 
22(87626): 
23(254423): 2(0.299818), 3(0.299818), 
24(264309): 0(0.343518), 
25(320858): 1(1.055975), 
26(216625): 1(0.425392), 
27(80005): 
28(384795): 
29(476672): 
30(429082): 0(1.007989), 
31(438354): 2(0.251777), 3(0.251777), 
32(258501): 
33(42346): 2(1.062567), 3(1.062567), 
34(303160): 2(0.448415), 3(0.448415), 
35(71036): 2(0.264750), 3(0.264750), 
36(432569): 
37(438003): 1(1.973381), 
38(96828): 1(0.575973), 
39(96829): 
40(514909): 1(0.525678), 
41(406975): 
42(514442): 
43(182587): 
44(534790): 2(0.283470), 3(0.283470), 
45(132671): 2(0.392955), 3(0.392955), 
46(499649): 0(0.494375), 
47(96824): 
48(121462): 
49(260329): 
50(441874): 
51(96812): 
52(205505): 
53(163015): 
54(436124): 
55(67051): 
56(408836): 2(0.343379), 3(0.343379), 
57(370812): 
58(166077): 2(0.316511), 3(0.316511), 
59(145089): 2(0.233341), 3(0.233341), 
60(188698): 
61(354251): 
62(240678): 
63(115271): 1(0.302080), 
64(463702): 0(0.573295), 
65(528717): 0(0.485558), 1(0.538745), 
66(323378): 
67(266187): 0(0.218260), 
68(15952): 0(0.299009), 
69(472962): 0(0.516555), 
70(497828): 0(0.243519), 
71(348877): 1(0.215698), 
72(480884): 0(0.377929), 
73(323371): 0(0.496161), 
74(57116): 0(0.725393), 
75(283440): 0(0.473670), 
76(202609): 1(0.371241), 
77(439622): 1(0.709977), 
78(417383): 0(0.282515), 
79(441268): 
80(315577): 
81(129819): 
82(109243): 0(0.368492), 
83(196566): 1(0.276943), 
84(233838): 
85(21695): 
86(486888): 
87(516992): 1(0.339172), 
88(165128): 0(0.215633), 
89(47626): 1(0.560517), 
90(320287): 2(0.320487), 3(0.320487), 
91(278725): 2(0.305638), 3(0.305638), 
92(203397): 
93(231400): 
94(1015): 
95(466135): 
96(198304): 0(0.388732), 
97(538222): 
98(350288): 
99(518655): 
100(31200): 
101(121482): 
102(243863): 
103(519672): 
104(75245): 2(0.266840), 3(0.266840), 
105(259040): 
