110557	486332
110557	354111
110557	434715
110557	295118
110557	312723
257412	127536
257412	518323
257412	152979
10064	205597
10064	250213
10064	243864
431076	450500
431076	285643
431076	368631
431076	378785
431076	466832
110416	288779
110416	17023
110416	182543
110416	299682
110416	125825
110416	264194
110416	490115
110416	483647
110416	58915
110416	186111
110416	516354
110416	453437
110416	72662
110416	262114
30597	434917
30597	529823
30597	492555
30597	183432
30597	286589
30597	475566
30597	93401
117548	520574
117548	135059
54908	530846
54908	504513
54908	389997
54908	451582
151824	280180
151824	239629
151824	51078
151824	408212
326852	154141
326852	155537
326852	428543
326852	427671
326852	84708
128438	436894
128438	180067
128438	204136
128438	100344
128438	312723
15289	160661
15289	72043
15289	407014
15289	412976
240213	147912
240213	88581
240213	61963
240213	239629
240213	407300
240213	519271
548482	463139
548482	346179
548482	242887
548482	503909
548482	390146
548482	520048
486332	295118
486332	110557
486332	9649
486332	206591
240874	322320
240874	437941
240874	392518
240874	331184
165040	208097
165040	206591
501043	239629
501043	51078
101974	540798
101974	45782
101974	523267
101974	54949
101974	440865
101974	145542
451582	389997
451582	291528
451582	515526
451582	410695
451582	504513
451582	54908
451582	530846
383111	223555
383111	302476
146527	463500
146527	455309
146527	92707
463500	146527
463500	389997
463500	424948
463500	8922
463500	340940
463500	198471
310707	371620
310707	37375
310707	323558
310707	347774
310707	435295
310707	93401
310707	141751
310707	163311
310707	423591
310707	69201
299682	351405
299682	288779
299682	264194
299682	110416
299682	58915
299682	35073
453326	148541
453326	284186
453326	33563
453326	144321
194712	284186
194712	33563
482991	100344
482991	180067
482991	312723
482991	436894
482991	40019
482991	204136
254038	142595
254038	478992
254038	523267
43617	518323
378495	155537
378495	543979
378495	399824
378495	24451
378495	427671
399006	522219
399006	109100
399006	88071
399006	67802
399006	31185
399006	88664
399006	92707
171637	155537
171637	543979
171637	399824
171637	24451
171637	427671
539353	2411
539353	434917
539353	471620
248396	164140
248396	50999
248396	280180
248396	207828
248396	164812
248396	397827
218533	327139
218533	229451
218533	298214
218533	88581
218533	51078
218533	280180
218533	408212
163311	371620
163311	305053
163311	310707
163311	2411
163311	396936
163311	93401
163311	141751
163311	508516
163311	69201
397827	494286
397827	284484
397827	164812
397827	164140
397827	265316
397827	50999
397827	248396
397827	169162
397827	207828
397827	350551
205581	499709
205581	256238
419926	466304
419926	45782
419926	523267
419926	540798
419926	54949
419926	440865
419926	145542
351020	372239
351020	324936
351020	434917
351020	381294
351020	270651
482982	154141
482982	324619
482982	428543
482982	155537
482982	427671
482982	318944
482982	84708
282228	183214
282228	199855
282228	392680
282228	389997
196737	155537
196737	543979
196737	399824
196737	24451
196737	427671
453375	17023
453375	211919
453375	483647
453375	539156
518323	312209
518323	256238
518323	257412
518323	127536
518323	190012
518323	152979
518323	189182
518323	43617
518323	214216
518323	296790
518323	331170
518323	548391
518323	284186
518323	366293
265316	164140
265316	50999
265316	207828
265316	164812
265316	397827
198471	463500
340940	463500
169162	489239
169162	164812
169162	471583
169162	50999
169162	207828
169162	350551
169162	397827
31185	67802
31185	67407
31185	399006
31185	380684
31185	158577
105539	178529
105539	155537
105539	427671
105539	543979
105539	521723
105539	399824
105539	211919
105539	24451
434715	295118
434715	110557
434715	312723
434715	461141
302476	383111
302476	412976
302476	536296
302476	461141
183214	147259
183214	389997
183214	282228
183214	277503
183214	398644
183214	250953
183214	392680
183214	199855
315368	437941
315368	389997
315368	122021
315368	523525
315368	171677
315368	322320
315368	392518
315368	331184
315368	358887
324619	155537
324619	428543
324619	399824
324619	84708
324619	482982
378785	431076
378785	543463
378785	285643
378785	183432
378785	466832
378785	368631
378785	450500
434917	351020
434917	492555
434917	30597
434917	539353
434917	270651
455588	368631
455588	466832
455588	543463
490115	110416
490115	516354
490115	288779
490115	453437
490115	35073
189182	418521
189182	518323
189182	120579
189182	520574
484750	308531
484750	539948
484750	64826
484750	112689
484750	407401
484750	527948
484750	306531
484750	290088
109100	67407
109100	380684
109100	399006
109100	158577
109100	277636
109100	67802
2411	489239
2411	351827
2411	396936
2411	539578
2411	101280
2411	471620
2411	163311
2411	539353
328570	347666
328570	88581
328570	10384
328570	519271
328570	51078
328570	407300
144321	453326
144321	284186
144321	505613
134980	250213
134980	346707
134980	22699
134980	205597
134980	243864
134980	12604
504513	389997
504513	291528
504513	515526
504513	410695
504513	54908
504513	530846
504513	480619
504513	451582
211919	453375
211919	427671
211919	507975
211919	105539
84708	154141
84708	324619
84708	428543
84708	46639
84708	482982
84708	155537
84708	242887
84708	543565
84708	318944
84708	178260
84708	326852
84708	399824
84708	503909
84708	412348
84708	135843
84708	408212
142595	206591
142595	440729
142595	530304
142595	447487
142595	282747
142595	254038
142595	415742
142595	343602
142595	478992
142595	527680
142595	124196
503909	155537
503909	399824
503909	548482
503909	84708
503909	520048
205597	340570
205597	10064
205597	155537
205597	394879
205597	134980
205597	301756
40019	180067
40019	436894
40019	204136
40019	312723
40019	482991
453437	351405
453437	264194
453437	110416
453437	490115
453437	58915
453437	35073
288862	418521
288862	233761
288862	46279
288862	120579
17023	351405
17023	539156
17023	125825
17023	110416
17023	186111
17023	453375
17023	35073
523267	54949
523267	419926
523267	254038
523267	101974
523267	478992
122021	315368
122021	437941
122021	392518
122021	322320
122021	331184
122021	518791
168149	384688
168149	75366
168149	170940
164140	512055
164140	164812
164140	265316
164140	50999
164140	248396
164140	207828
164140	350551
164140	397827
46091	312723
505613	148541
505613	33563
505613	144321
364755	161912
364755	72043
364755	407014
364755	152237
364755	412976
521723	155537
521723	24451
521723	105539
521723	507975
521723	458888
390146	55665
390146	548482
280180	327139
280180	379439
280180	229451
280180	298214
280180	151824
280180	399824
280180	248396
280180	218533
280180	408212
522219	67802
522219	67407
522219	399006
522219	380684
522219	158577
423591	371620
423591	310707
423591	347774
423591	93401
423591	141751
423591	69201
358887	315368
358887	322320
358887	437941
358887	392518
358887	331184
154141	428543
154141	482982
154141	155537
154141	326852
154141	399824
154141	84708
471583	390438
471583	540836
471583	285643
471583	21628
471583	450500
471583	169162
475566	183432
475566	512055
475566	529823
475566	30597
475566	286589
475566	141751
475566	269495
388514	284186
388514	263267
123107	306531
123107	64826
210341	485254
210341	412976
210341	348664
210341	461141
529823	183432
529823	30597
529823	512055
529823	286589
529823	475566
450500	431076
450500	378785
450500	390438
450500	543463
450500	540836
450500	285643
450500	21628
450500	471583
272828	127536
272828	256238
272828	284186
272828	548391
272828	214216
437689	368631
148541	453326
148541	284186
148541	505613
54635	548391
54635	164067
54635	79662
33563	408890
33563	194712
33563	284186
33563	505613
33563	453326
277503	147259
277503	389997
277503	281081
277503	183214
69201	141751
69201	371620
69201	305053
69201	310707
69201	323558
69201	347774
69201	435295
69201	37375
69201	163311
69201	423591
348664	170940
348664	461141
348664	13768
348664	339760
348664	210341
527680	142595
527680	208097
527680	440729
527680	530304
530846	389997
530846	424074
530846	515526
530846	504513
530846	54908
530846	480619
530846	451582
250213	340570
250213	10064
250213	155537
250213	394879
250213	134980
250213	301756
46639	399824
46639	408212
46639	84708
46639	412348
204136	100344
204136	482991
204136	128438
204136	180067
204136	436894
204136	40019
444520	306531
67407	522219
67407	109100
67407	88071
67407	277636
67407	67802
67407	31185
67407	88664
67407	92707
540798	54949
540798	419926
540798	45782
540798	101974
540798	466304
390438	471583
390438	285643
390438	21628
390438	450500
390438	540836
147259	389997
147259	248217
147259	529057
147259	277503
147259	183214
147259	398644
147259	250953
147259	392680
147259	199855
530304	206591
530304	415742
530304	527680
530304	282747
530304	447487
530304	142595
530304	343602
530304	124196
79662	93401
79662	54635
79662	524460
127536	518323
127536	256238
127536	257412
127536	272828
127536	152979
127536	505914
127536	284186
127536	441252
358803	306531
168719	466832
168719	368631
394879	205597
394879	250213
394879	408212
394879	243864
536296	9649
536296	223555
536296	302476
306531	308531
306531	539948
306531	64826
306531	123107
306531	358803
306531	520574
306531	484750
306531	411849
306531	407401
306531	527948
306531	444520
306531	290088
306531	95344
407401	306531
407401	290088
407401	527948
407401	484750
158577	522219
158577	109100
158577	88071
158577	9649
158577	277636
158577	67802
158577	31185
158577	88664
158577	92707
9649	428277
9649	354111
9649	536296
9649	295118
9649	158577
9649	486332
392518	315368
392518	437941
392518	358887
392518	122021
392518	523525
392518	248217
392518	171677
392518	322320
392518	240874
392518	398644
392518	518791
392518	250953
202846	256238
202846	499709
202846	312209
202846	82609
548391	518323
548391	272828
548391	164067
548391	54635
548391	505914
548391	214216
548391	441252
95344	306531
95344	290088
95344	200207
508516	489239
508516	323558
508516	539578
508516	101280
508516	471620
508516	163311
124196	530304
124196	208097
124196	415742
124196	160661
124196	142595
124196	343602
312209	518323
312209	256238
312209	190012
312209	82609
312209	296790
312209	202846
312209	284186
312209	338475
312209	331170
298214	280180
298214	218533
298214	229451
88071	67407
88071	380684
88071	399006
88071	158577
88071	277636
88071	67802
379439	372239
379439	381294
379439	357323
379439	155537
379439	29098
379439	280180
539948	308531
539948	484750
539948	460644
539948	527948
539948	306531
539948	290088
524460	93401
524460	256238
524460	389997
524460	79662
517559	389997
543979	171637
543979	178529
543979	507975
543979	155537
543979	196737
543979	378495
543979	105539
543979	47912
543979	24451
543979	458888
54949	419926
54949	540798
54949	45782
54949	523267
54949	466304
54949	440865
54949	145542
54949	101974
164812	164140
164812	265316
164812	248396
164812	169162
164812	207828
164812	350551
164812	397827
180067	100344
180067	482991
180067	128438
180067	312723
180067	436894
180067	40019
180067	204136
539578	2411
539578	489239
539578	508516
539578	396936
539578	381294
483647	351405
483647	110416
483647	35073
483647	453375
170940	168149
170940	348664
170940	75366
170940	461141
170940	217935
170940	384688
440865	54949
440865	419926
440865	145542
440865	101974
440865	466304
505914	127536
505914	256238
505914	284186
505914	548391
505914	214216
239629	327139
239629	518982
239629	240213
239629	151824
239629	472444
239629	501043
239629	147912
239629	88581
239629	10384
239629	61963
239629	51078
239629	347666
239629	408212
286589	529823
286589	30597
286589	183432
286589	475566
135059	233761
135059	117548
135059	46279
135059	520574
72043	407014
72043	364755
72043	160661
72043	15289
72043	461141
72043	161912
72043	152237
72043	412976
61963	88581
61963	240213
61963	239629
61963	51078
61963	408212
480619	530846
480619	504513
480619	389997
480619	515526
284186	408890
284186	518323
284186	312209
284186	256238
284186	388514
284186	272828
284186	127536
284186	453326
284186	194712
284186	296790
284186	148541
284186	144321
284186	33563
284186	505914
284186	441252
284186	190012
284186	274179
284186	331170
161912	364755
161912	160661
161912	72043
161912	407014
161912	412976
447487	142595
447487	208097
447487	530304
447487	343602
447487	415742
392680	147259
392680	183214
392680	281081
392680	424074
392680	282228
392680	398644
392680	389997
324936	505814
324936	351020
324936	381294
324936	357323
324936	519271
324936	29098
324936	407300
206591	530304
206591	208097
206591	75366
206591	486332
206591	142595
206591	165040
152979	127536
152979	518323
152979	257412
284484	482373
284484	397827
284484	295664
539156	186111
539156	453375
539156	17023
339760	485254
339760	461141
339760	348664
339760	412976
282747	142595
282747	208097
282747	530304
282747	75366
282747	100344
171677	315368
171677	322320
171677	392518
171677	331184
58915	351405
58915	288779
58915	182543
58915	299682
58915	110416
58915	516354
58915	453437
58915	35073
322320	315368
322320	437941
322320	331184
322320	122021
322320	171677
322320	392518
322320	240874
322320	358887
10384	328570
10384	407300
10384	239629
10384	51078
10384	519271
436894	100344
436894	482991
436894	128438
436894	180067
436894	312723
436894	40019
436894	204136
543565	178260
543565	155537
543565	412348
543565	399824
543565	146453
543565	84708
543565	104347
543565	408212
135843	399824
135843	408212
135843	84708
135843	412348
29098	372239
29098	357323
29098	379439
29098	381294
29098	324936
67802	522219
67802	67407
67802	88071
67802	380684
67802	109100
67802	399006
67802	158577
67802	31185
67802	88664
407300	240213
407300	88581
407300	10384
407300	328570
407300	324936
407300	51078
407300	347666
407300	269495
408212	46639
408212	428543
408212	135843
408212	155537
408212	518982
408212	412348
408212	318944
408212	394879
408212	151824
408212	146453
408212	61963
408212	543565
408212	84708
408212	280180
408212	301756
408212	347666
408212	218533
408212	239629
152237	364755
152237	72043
152237	461141
152237	412976
428543	154141
428543	324619
428543	482982
428543	155537
428543	326852
428543	399824
428543	84708
428543	408212
389997	315368
389997	463500
389997	147259
389997	524460
389997	281081
389997	232462
389997	282228
389997	515526
389997	529057
389997	517559
389997	410695
389997	504513
389997	54908
389997	530846
389997	277503
389997	480619
389997	451582
389997	360890
389997	392680
389997	183214
64826	306531
64826	123107
64826	484750
208097	206591
208097	440729
208097	527680
208097	282747
208097	415742
208097	165040
208097	447487
208097	343602
208097	124196
232462	398644
232462	389997
232462	199855
248217	437941
248217	392518
248217	281081
248217	331184
248217	147259
248217	199855
472444	88581
472444	239629
472444	51078
463139	548482
463139	520048
424948	463500
424948	455309
399824	154141
399824	171637
399824	428543
399824	507975
399824	324619
399824	155537
399824	84708
399824	46639
399824	196737
399824	242887
399824	412348
399824	105539
399824	146453
399824	503909
399824	378495
399824	135843
399824	280180
399824	318944
399824	543565
399824	47912
399824	458888
347774	37375
347774	310707
347774	323558
347774	435295
347774	305053
347774	141751
347774	423591
347774	69201
471620	2411
471620	508516
471620	539353
471620	396936
190012	518323
190012	312209
190012	164067
190012	284186
82609	338475
82609	499709
82609	312209
82609	202846
141751	371620
141751	37375
141751	310707
141751	101280
141751	323558
141751	183432
141751	347774
141751	475566
141751	93401
141751	305053
141751	163311
141751	423591
141751	69201
338475	256238
338475	499709
338475	312209
338475	82609
495195	461141
269495	475566
269495	183432
269495	407300
269495	350551
269495	519271
440729	142595
440729	208097
440729	527680
489239	539578
489239	2411
489239	101280
489239	396936
489239	169162
489239	207828
489239	508516
512055	529823
512055	164140
512055	183432
512055	475566
408890	284186
408890	33563
120579	288862
120579	520574
120579	46279
120579	189182
372239	379439
372239	357323
372239	351020
372239	381294
372239	505814
372239	29098
437941	315368
437941	331184
437941	122021
437941	523525
437941	248217
437941	322320
437941	392518
437941	240874
437941	518791
437941	358887
466832	431076
466832	378785
466832	543463
466832	352294
466832	168719
466832	455588
466832	442025
455309	424948
455309	146527
516354	351405
516354	264194
516354	110416
516354	490115
516354	58915
516354	35073
527948	308531
527948	539948
527948	418521
527948	112689
527948	484750
527948	407401
527948	306531
527948	290088
527948	460644
519271	240213
519271	269495
519271	88581
519271	328570
519271	10384
519271	51078
519271	324936
519271	520048
214216	505914
214216	518323
214216	548391
214216	441252
214216	272828
100344	482991
100344	282747
100344	180067
100344	75366
100344	384688
100344	436894
100344	204136
100344	128438
100344	343602
398644	147259
398644	331184
398644	281081
398644	232462
398644	392518
398644	392680
398644	183214
478992	142595
478992	254038
478992	523267
217935	170940
442025	352294
442025	466832
442025	368631
460644	290088
460644	527948
460644	539948
88664	67407
88664	380684
88664	399006
88664	158577
88664	277636
88664	67802
88664	92707
343602	530304
343602	100344
343602	208097
343602	447487
343602	142595
343602	124196
428277	223555
428277	9649
428277	461141
327139	280180
327139	218533
327139	239629
308531	306531
308531	290088
308531	527948
308531	539948
308531	484750
45782	54949
45782	419926
45782	466304
45782	101974
45782	540798
13768	485254
13768	461141
13768	348664
13768	412976
182543	264194
182543	110416
182543	351405
182543	58915
182543	35073
482373	494286
482373	284484
264194	288779
264194	182543
264194	299682
264194	110416
264194	516354
264194	453437
264194	35073
125825	351405
125825	110416
125825	17023
125825	35073
407014	461141
407014	364755
407014	15289
407014	72043
407014	161912
407014	412976
418521	288862
418521	520574
418521	527948
418521	189182
418521	46279
24451	171637
24451	427671
24451	507975
24451	196737
24451	378495
24451	105539
24451	543979
24451	521723
24451	47912
24451	458888
415742	142595
415742	208097
415742	124196
415742	447487
415742	530304
499709	202846
499709	82609
499709	338475
499709	205581
410695	504513
410695	389997
410695	515526
410695	451582
435295	371620
435295	37375
435295	310707
435295	347774
435295	93401
435295	69201
72662	351405
72662	110416
72662	262114
72662	35073
207828	489239
207828	164812
207828	265316
207828	50999
207828	248396
207828	169162
207828	164140
207828	397827
233761	288862
233761	520574
233761	135059
274179	284186
274179	164067
458888	178529
458888	507975
458888	427671
458888	543979
458888	521723
458888	399824
458888	24451
288779	351405
288779	299682
288779	264194
288779	110416
288779	490115
288779	58915
288779	35073
411849	306531
411849	290088
411849	200207
101280	2411
101280	489239
101280	141751
101280	508516
101280	396936
50999	164140
50999	265316
50999	248396
50999	169162
50999	207828
50999	397827
424074	530846
424074	392680
424074	515526
360890	389997
183432	378785
183432	512055
183432	543463
183432	529823
183432	30597
183432	286589
183432	475566
183432	93401
183432	141751
183432	269495
21628	471583
21628	285643
21628	390438
21628	450500
21628	540836
380684	109100
380684	88071
380684	88664
380684	67802
380684	31185
380684	522219
380684	92707
164067	548391
164067	190012
164067	54635
164067	263267
164067	296790
164067	256238
164067	274179
164067	331170
291528	504513
291528	451582
186111	351405
186111	110416
186111	17023
186111	539156
186111	35073
88581	240213
88581	472444
88581	147912
88581	328570
88581	61963
88581	239629
88581	51078
88581	218533
88581	407300
88581	519271
147912	88581
147912	239629
147912	240213
371620	141751
371620	310707
371620	435295
371620	93401
371620	163311
371620	423591
371620	69201
507975	178529
507975	155537
507975	427671
507975	543979
507975	521723
507975	399824
507975	211919
507975	47912
507975	24451
507975	458888
461141	428277
461141	13768
461141	339760
461141	62163
461141	210341
461141	407014
461141	348664
461141	170940
461141	295118
461141	160661
461141	223555
461141	302476
461141	72043
461141	434715
461141	152237
461141	495195
305053	141751
305053	323558
305053	347774
305053	93401
305053	163311
305053	69201
51078	151824
51078	407300
51078	472444
51078	88581
51078	10384
51078	61963
51078	239629
51078	328570
51078	218533
51078	347666
51078	501043
51078	519271
368631	431076
368631	378785
368631	543463
368631	352294
368631	168719
368631	437689
368631	455588
368631	442025
250953	147259
250953	331184
250953	281081
250953	392518
250953	183214
250953	199855
441252	127536
441252	256238
441252	284186
441252	548391
441252	214216
543463	378785
543463	285643
543463	183432
543463	466832
543463	368631
543463	455588
543463	450500
351405	288779
351405	17023
351405	182543
351405	299682
351405	125825
351405	483647
351405	58915
351405	186111
351405	516354
351405	453437
351405	72662
351405	262114
295664	494286
295664	284484
366293	518323
540836	471583
540836	285643
540836	390438
540836	21628
540836	450500
520574	46279
520574	120579
520574	418521
520574	233761
520574	117548
520574	189182
520574	135059
520574	306531
352294	442025
352294	466832
352294	368631
62163	223555
62163	461141
427671	171637
427671	178529
427671	507975
427671	482982
427671	155537
427671	196737
427671	378495
427671	105539
427671	326852
427671	211919
427671	47912
427671	24451
427671	458888
178529	543979
178529	427671
178529	458888
178529	507975
178529	105539
381294	379439
381294	372239
381294	351020
381294	539578
381294	505814
381294	324936
381294	29098
412348	178260
412348	135843
412348	155537
412348	543565
412348	46639
412348	146453
412348	84708
412348	399824
412348	408212
384688	170940
384688	100344
384688	168149
466304	419926
466304	45782
466304	540798
466304	54949
466304	440865
466304	145542
46279	288862
46279	418521
46279	520574
46279	120579
46279	135059
8922	463500
396936	489239
396936	539578
396936	2411
396936	101280
396936	471620
396936	520048
396936	163311
396936	270651
35073	288779
35073	17023
35073	182543
35073	299682
35073	125825
35073	264194
35073	490115
35073	483647
35073	58915
35073	186111
35073	516354
35073	453437
35073	72662
93401	183432
93401	305053
93401	524460
93401	310707
93401	79662
93401	323558
93401	30597
93401	37375
93401	163311
93401	371620
93401	435295
93401	104347
93401	141751
93401	423591
290088	308531
290088	539948
290088	460644
290088	484750
290088	411849
290088	407401
290088	527948
290088	306531
290088	95344
55665	390146
331170	518323
331170	312209
331170	164067
331170	284186
523525	315368
523525	437941
523525	392518
523525	331184
200207	411849
200207	95344
354111	295118
354111	110557
354111	9649
229451	298214
229451	280180
229451	218533
229451	357323
256238	518323
256238	312209
256238	202846
256238	524460
256238	272828
256238	127536
256238	164067
256238	505914
256238	263267
256238	284186
256238	338475
256238	441252
256238	205581
351827	2411
351827	492555
351827	270651
155537	171637
155537	105539
155537	521723
155537	503909
155537	412348
155537	408212
155537	154141
155537	428543
155537	507975
155537	427671
155537	378495
155537	399824
155537	250213
155537	543565
155537	482982
155537	196737
155537	543979
155537	22699
155537	243864
155537	12604
155537	324619
155537	178260
155537	379439
155537	346707
155537	326852
155537	318944
155537	84708
155537	242887
155537	205597
346179	548482
285643	431076
285643	378785
285643	390438
285643	543463
285643	540836
285643	21628
285643	471583
285643	450500
296790	518323
296790	312209
296790	164067
296790	284186
112689	527948
112689	484750
75366	206591
75366	282747
75366	170940
75366	100344
75366	168149
295118	110557
295118	354111
295118	9649
295118	461141
295118	486332
295118	434715
357323	372239
357323	229451
357323	324936
357323	29098
357323	379439
160661	72043
160661	15289
160661	461141
160661	124196
160661	161912
160661	412976
494286	482373
494286	397827
494286	295664
223555	428277
223555	383111
223555	461141
223555	536296
223555	62163
515526	389997
515526	424074
515526	410695
515526	504513
515526	530846
515526	480619
515526	451582
492555	434917
492555	30597
492555	351827
492555	270651
529057	147259
529057	389997
529057	199855
412976	13768
412976	339760
412976	72043
412976	407014
412976	364755
412976	160661
412976	15289
412976	302476
412976	210341
412976	161912
412976	152237
22699	155537
22699	301756
22699	134980
301756	340570
301756	346707
301756	22699
301756	205597
301756	250213
301756	12604
301756	408212
301756	243864
243864	340570
243864	10064
243864	155537
243864	394879
243864	134980
243864	301756
12604	155537
12604	301756
12604	134980
350551	169162
350551	164140
350551	164812
350551	397827
350551	269495
262114	351405
262114	110416
262114	72662
199855	147259
199855	183214
199855	281081
199855	232462
199855	248217
199855	529057
199855	250953
199855	282228
518791	392518
518791	437941
518791	331184
518791	122021
178260	155537
178260	543565
178260	412348
178260	84708
37375	310707
37375	323558
37375	347774
37375	435295
37375	93401
37375	141751
37375	69201
346707	155537
346707	301756
346707	134980
281081	389997
281081	248217
281081	277503
281081	398644
281081	250953
281081	392680
281081	199855
347666	328570
347666	407300
347666	239629
347666	51078
347666	408212
323558	305053
323558	310707
323558	347774
323558	93401
323558	37375
323558	141751
323558	508516
323558	69201
518982	239629
518982	408212
340570	205597
340570	250213
340570	301756
340570	243864
242887	155537
242887	399824
242887	548482
242887	84708
312723	110557
312723	482991
312723	128438
312723	180067
312723	46091
312723	436894
312723	40019
312723	434715
318944	155537
318944	399824
318944	408212
318944	84708
318944	482982
505814	372239
505814	324936
505814	381294
146453	399824
146453	408212
146453	412348
146453	543565
263267	256238
263267	388514
263267	164067
145542	54949
145542	419926
145542	440865
145542	101974
145542	466304
277636	67407
277636	158577
277636	109100
277636	88664
277636	88071
485254	13768
485254	339760
485254	210341
104347	93401
104347	543565
520048	503909
520048	548482
520048	463139
520048	519271
520048	396936
47912	543979
47912	399824
47912	24451
47912	427671
47912	507975
331184	315368
331184	437941
331184	358887
331184	122021
331184	523525
331184	248217
331184	171677
331184	322320
331184	240874
331184	398644
331184	518791
331184	250953
92707	67407
92707	146527
92707	380684
92707	399006
92707	158577
92707	88664
270651	434917
270651	492555
270651	351020
270651	351827
270651	396936
