0(108621): 2(0.129711), 
1(70598): 2(0.611982), 
2(161422): 2(0.155204), 
3(208092): 2(0.414582), 
4(312161): 3(0.554830), 
5(454880): 3(0.553824), 
6(9537): 3(0.554156), 
7(270751): 3(0.165546), 
8(245218): 3(0.359007), 
9(325620): 3(0.758914), 
10(330854): 3(0.265765), 
11(288921): 1(0.336831), 
12(369930): 1(0.294820), 
13(296133): 
14(340249): 1(0.337150), 
15(215335): 1(0.106305), 
16(23955): 1(0.387067), 
17(140595): 1(0.165110), 
18(243102): 1(0.298062), 
19(497356): 1(0.165961), 
20(106671): 
21(150177): 2(0.415874), 
22(267761): 
23(85586): 1(1.865210), 
24(411230): 1(1.555673), 
25(530173): 
26(78182): 
27(443096): 
28(187747): 
29(340993): 
30(28093): 
31(442968): 
32(362564): 
33(518010): 
34(521550): 1(0.135994), 
35(74206): 1(0.784493), 
36(61845): 1(1.501588), 
37(335114): 1(0.131438), 
38(156313): 1(0.264991), 
39(37593): 2(0.316321), 
40(225478): 2(0.324198), 
41(426778): 
42(298637): 2(0.180023), 
43(40730): 2(0.179959), 
44(6073): 2(0.172569), 
45(541586): 2(0.213700), 
46(111556): 2(1.146914), 
47(176802): 1(0.121875), 
48(976): 1(0.601177), 
49(276973): 1(0.144627), 
50(62045): 1(0.614524), 
51(520127): 2(0.130085), 
52(205987): 2(0.132982), 
53(275281): 2(0.224195), 
54(441526): 2(0.354201), 
55(197299): 2(0.181012), 
56(329214): 2(0.129000), 
57(241597): 1(0.136073), 
58(71985): 
59(377673): 
60(271036): 
61(32098): 
62(75604): 
63(500348): 
64(66827): 
65(395376): 
66(359461): 
67(182514): 
68(476121): 
69(278641): 
70(261116): 
71(150448): 
72(414335): 
73(115308): 
74(282579): 
75(110317): 
76(316893): 
77(116357): 
78(299913): 
79(528866): 
80(389254): 2(0.349530), 
81(71308): 
82(395275): 
83(173154): 
84(269793): 
85(299166): 
86(422248): 
87(184766): 
88(363620): 
89(281073): 
90(372185): 
91(93076): 
92(117648): 
93(375663): 
94(392412): 
95(187910): 
96(142279): 
97(169882): 
98(258364): 
99(396898): 1(0.169336), 
100(27322): 
101(393702): 
102(50326): 1(0.350957), 
103(173172): 1(0.239873), 
104(442639): 
105(428537): 2(0.229087), 
106(363512): 2(0.391051), 
107(519354): 2(0.664074), 
108(520854): 2(0.390897), 
109(430465): 2(0.225480), 
110(59333): 2(0.447097), 
111(323597): 
112(142052): 
113(52709): 
114(229689): 
115(375823): 3(0.469363), 
116(64806): 3(1.520432), 
117(221494): 3(0.364110), 
118(57327): 3(0.343664), 
119(246380): 3(0.446903), 
120(476068): 3(0.363986), 
121(50053): 
122(511523): 2(0.166875), 
123(171812): 
124(213356): 2(0.303122), 
125(66825): 2(0.171046), 
126(29139): 
127(339382): 
128(233258): 1(0.121892), 
129(231993): 
130(508438): 
131(481181): 
132(322589): 1(0.156769), 
133(277531): 1(0.151257), 
134(154835): 
135(319163): 
136(457171): 1(0.117391), 
137(510092): 
138(282321): 1(0.609423), 
139(52300): 3(0.369251), 
140(77173): 3(0.346622), 
141(440764): 3(0.695920), 
142(310929): 3(0.369050), 
143(232761): 
144(164985): 
145(225214): 2(0.112778), 
146(411072): 
147(375704): 
148(263733): 1(0.401720), 
149(95846): 1(0.442037), 
150(524622): 1(0.169357), 
151(522501): 1(0.396269), 
152(116853): 1(0.301794), 
153(349246): 1(0.182669), 
154(237586): 1(0.168659), 
155(42585): 
156(419065): 
157(393444): 
158(325884): 
159(311998): 
160(39780): 
161(233572): 
162(60908): 
163(354824): 
164(488612): 
165(165203): 
166(503351): 
167(9481): 2(0.229524), 
168(294074): 2(0.133193), 
169(485546): 2(0.358696), 
170(3060): 2(0.781413), 
171(188742): 2(0.480409), 
172(78667): 2(0.579666), 
173(99365): 
174(39850): 
175(353426): 
176(354950): 
177(531319): 
178(293805): 
179(515552): 
180(259225): 
181(63606): 
182(36724): 2(0.216722), 
183(436375): 2(0.124235), 
184(338536): 
185(256196): 
186(464717): 
187(169536): 
188(149981): 
189(192441): 
190(439546): 
191(438237): 2(0.132739), 
192(462507): 2(0.224023), 
193(210290): 2(0.312512), 
194(533329): 
195(392620): 
196(268396): 
197(338211): 
198(87207): 
199(416434): 
200(340729): 2(0.169337), 
201(444516): 2(0.177481), 
202(144057): 1(0.207940), 
203(153763): 1(0.249809), 
204(38999): 1(0.249813), 
205(18403): 1(0.249841), 
206(191870): 1(0.249820), 
207(379810): 1(0.136046), 
208(278037): 1(0.136038), 
209(34772): 1(0.131441), 
210(59742): 1(0.136037), 
211(85805): 1(0.139161), 
212(116360): 1(0.131439), 
213(254824): 1(0.139124), 
214(519155): 1(0.136049), 
215(221933): 1(0.136050), 
216(249784): 
217(204077): 1(0.136053), 
218(58353): 1(0.131463), 
219(310922): 1(0.135967), 
220(392258): 1(0.135998), 
221(461653): 
222(373491): 
223(529521): 1(0.136011), 
224(228256): 1(0.135995), 
225(462423): 
226(228113): 1(0.139123), 
227(297130): 1(0.135967), 
228(274178): 1(0.135992), 
229(379911): 1(0.106251), 
230(450): 1(0.270777), 
231(350181): 1(0.106327), 
232(12328): 
233(459165): 
234(364477): 
235(496581): 2(0.364498), 
236(287439): 
237(174475): 
238(504071): 
239(323969): 
240(157157): 
241(408469): 
242(328591): 
243(46240): 
244(299660): 
245(38868): 
246(539658): 
247(541720): 
248(220342): 
249(520311): 2(0.132800), 
250(87471): 
251(360766): 
252(367714): 1(0.131710), 
253(460556): 1(0.110828), 
254(341056): 
255(329450): 
256(368212): 
257(280306): 
258(160845): 3(0.249121), 
259(308356): 
260(284708): 
261(284318): 
262(222940): 
263(107793): 2(0.133202), 
264(9799): 
265(14103): 
266(412133): 
267(326626): 1(0.195437), 
268(253142): 
269(201562): 
270(425559): 
271(335424): 
272(449805): 2(0.656444), 
273(208818): 2(0.185681), 
274(527530): 
275(489007): 
276(477282): 
277(407466): 
278(359597): 
279(382113): 
280(315159): 
281(123575): 
282(538380): 
283(208260): 
284(37769): 
285(178924): 
286(302422): 
287(424981): 2(0.155476), 
288(350710): 2(0.133145), 
289(232774): 2(0.230861), 
290(395643): 2(0.224078), 
291(145825): 2(0.225895), 
292(446162): 2(0.129916), 
293(57766): 
294(447247): 
295(366497): 
296(196031): 2(0.309268), 
297(234761): 2(0.223919), 
298(56998): 
299(390587): 
300(43811): 
301(360816): 
302(315234): 
303(60260): 
304(427158): 
305(257431): 
306(167913): 
307(295647): 
308(201218): 
309(133392): 2(0.171841), 
310(18026): 2(0.177162), 
311(502264): 1(0.157937), 
312(14255): 
313(68052): 1(0.224364), 
314(117752): 1(0.126599), 
315(369003): 
316(158832): 2(0.276275), 
317(186396): 
318(239115): 
319(86635): 3(0.324679), 
320(394208): 
321(344565): 2(0.162000), 
322(504459): 2(0.215048), 
323(120803): 
324(161012): 2(0.106909), 
325(341201): 
326(218976): 
327(131689): 
328(79431): 
329(410069): 
330(313004): 
331(283700): 
332(535750): 1(0.204200), 
333(290514): 
334(124565): 
335(488378): 2(0.275427), 
336(194490): 
337(374409): 
338(90667): 
339(369232): 2(0.175407), 
340(401409): 
341(186752): 
342(85983): 
343(9476): 
344(224627): 
345(264906): 
346(492410): 
347(527912): 2(0.117399), 
348(19233): 3(0.227955), 
349(45986): 3(0.140943), 
350(84964): 
351(91714): 2(0.178635), 
352(270924): 3(0.366981), 
353(294072): 3(0.368855), 
354(250814): 3(0.268774), 
355(255886): 
356(137899): 
357(334391): 1(0.216303), 
358(421494): 1(0.216410), 
359(377416): 
360(130803): 
361(190613): 
362(274437): 
363(77702): 
364(102539): 
365(489886): 
366(144845): 
367(153018): 
368(232957): 
369(338825): 
370(277657): 
371(363053): 
372(48205): 
373(181178): 
374(311942): 
375(379779): 
376(465538): 
377(495619): 
378(383909): 
379(269122): 
380(348454): 
381(17507): 
382(324343): 
383(316353): 
384(289269): 
385(38077): 
386(200389): 
387(15575): 
388(520411): 2(0.236901), 
389(160433): 2(0.130969), 
390(279845): 2(0.282256), 
391(11781): 2(0.493918), 
392(220485): 
393(533476): 
394(102727): 
395(230338): 3(0.487728), 
396(178995): 1(0.207968), 
397(336476): 2(0.123106), 
398(157264): 2(0.165928), 
399(315662): 2(0.221398), 
400(47353): 2(0.165861), 
401(327275): 3(0.258782), 
402(320988): 3(0.166045), 
403(203671): 
404(394095): 
405(50718): 
406(56469): 
407(392310): 
408(52971): 
409(47978): 
410(328506): 
411(259695): 
412(506689): 
413(527682): 
414(456631): 
415(56540): 1(0.113409), 
416(376829): 
417(134019): 
418(407796): 
419(362644): 
420(223731): 
421(52498): 
422(337325): 2(0.173453), 
423(477489): 
424(472174): 
425(14651): 
426(387714): 
427(219784): 
428(477100): 3(0.155021), 
429(191246): 3(0.166262), 
430(83813): 
431(153990): 
432(266108): 3(0.159966), 
433(450279): 
434(70566): 
435(358921): 2(0.181263), 
436(155771): 
437(44580): 
438(186647): 
439(526806): 
440(92848): 
441(272398): 
442(353841): 
443(108808): 
444(363146): 
445(410117): 
446(293919): 2(0.165914), 
447(219726): 2(0.128255), 
448(371329): 
449(540468): 
450(486055): 
451(412903): 
452(192061): 
453(527090): 
454(514101): 
455(216428): 
456(251637): 
457(212905): 
