111722	111726	122613	122622	138325	147105	147107	181666	223046	249702	362176
111722	111726	122613	122622	138325	147105	147107	181666	223046	249702	362176
111722	111726	122613	122622	138325	147105	147107	181666	223046	249702	362176
111722	111726	122613	122622	138325	147105	147107	181666	223046	249702	362176
111722	111726	122613	122622	138325	147105	147107	181666	223046	249702	362176
111722	111726	122613	122622	138325	147105	147107	181666	223046	249702	362176
111722	111726	122613	122622	138325	147105	147107	181666	223046	249702	362176
111722	111726	122613	122622	138325	147105	147107	181666	223046	249702	362176
111722	111726	122613	122622	138325	147105	147107	181666	223046	249702	362176
111722	111726	122613	122622	138325	147105	147107	181666	223046	249702	362176
111722	111726	122613	122622	138325	147105	147107	181666	223046	249702	362176
111722	111726	122613	122622	138325	147105	147107	181666	223046	249702	362176
111722	111726	122613	122622	138325	147105	147107	181666	223046	249702	362176
111722	111726	122613	122622	138325	147105	147107	181666	223046	249702	362176
111722	111726	122613	122622	138325	147105	147107	181666	223046	249702	362176
111722	111726	122613	122622	138325	147105	147107	181666	223046	249702	362176
111722	111726	122613	122622	138325	147105	147107	181666	223046	249702	362176
111722	111726	122613	122622	138325	147105	147107	181666	223046	249702	362176
111722	111726	122613	122622	138325	147105	147107	181666	223046	249702	362176
111722	111726	122613	122622	138325	147105	147107	181666	223046	249702	362176