111722 111726 122622 147107 223046 
111722 111726 122622 147107 223046 
111722 111726 122622 147107 223046 
111722 111726 122622 147107 223046 
111722 111726 122622 147107 223046 
111722 111726 122622 147107 223046 
111722 111726 122622 147107 223046 
111722 111726 122622 147107 223046 
111722 111726 122622 147107 223046 
111722 111726 122622 147107 223046 
111722 111726 122622 147107 223046 
111722 111726 122622 147107 223046 
111722 111726 122622 147107 223046 
111722 111726 122622 147107 223046 
111722 111726 122622 147107 223046 
111722 111726 122622 147107 223046 
111722 111726 122622 147107 223046 
111722 111726 122622 147107 223046 
111722 111726 122622 147107 223046 
111722 111726 122622 147107 223046 
