0(122622): 0(5.454083), 1(5.454083), 2(5.454083), 3(5.454083), 4(5.454083), 5(5.454083), 6(5.454083), 7(5.454083), 8(5.454083), 9(5.454083), 10(5.454083), 11(5.454083), 12(5.454083), 13(5.454083), 14(5.454083), 15(5.454083), 16(5.454083), 17(5.454083), 18(5.454083), 19(5.454083), 
1(111726): 0(1.155410), 1(1.155410), 2(1.155410), 3(1.155410), 4(1.155410), 5(1.155410), 6(1.155410), 7(1.155410), 8(1.155410), 9(1.155410), 10(1.155410), 11(1.155410), 12(1.155410), 13(1.155410), 14(1.155410), 15(1.155410), 16(1.155410), 17(1.155410), 18(1.155410), 19(1.155410), 
2(362176): 
3(147105): 
4(147107): 0(1.033024), 1(1.033024), 2(1.033024), 3(1.033024), 4(1.033024), 5(1.033024), 6(1.033024), 7(1.033024), 8(1.033024), 9(1.033024), 10(1.033024), 11(1.033024), 12(1.033024), 13(1.033024), 14(1.033024), 15(1.033024), 16(1.033024), 17(1.033024), 18(1.033024), 19(1.033024), 
5(122613): 
6(223046): 0(5.454116), 1(5.454116), 2(5.454116), 3(5.454116), 4(5.454116), 5(5.454116), 6(5.454116), 7(5.454116), 8(5.454116), 9(5.454116), 10(5.454116), 11(5.454116), 12(5.454116), 13(5.454116), 14(5.454116), 15(5.454116), 16(5.454116), 17(5.454116), 18(5.454116), 19(5.454116), 
7(111722): 0(9.026171), 1(9.026171), 2(9.026171), 3(9.026171), 4(9.026171), 5(9.026171), 6(9.026171), 7(9.026171), 8(9.026171), 9(9.026171), 10(9.026171), 11(9.026171), 12(9.026171), 13(9.026171), 14(9.026171), 15(9.026171), 16(9.026171), 17(9.026171), 18(9.026171), 19(9.026171), 
8(138325): 
9(181666): 
10(249702): 
11(250643): 
