0(376699): 
1(524891): 
2(389494): 
3(113192): 
4(367645): 
5(454463): 2(0.338492), 
6(216885): 2(0.764968), 
7(225811): 2(1.285740), 
8(31348): 2(1.263213), 
9(95539): 2(0.760052), 
10(19767): 2(0.958160), 
11(338338): 
12(362572): 
13(74852): 
14(391528): 
15(48053): 
16(117923): 
17(368169): 
18(233859): 
19(14981): 
20(432983): 
21(352692): 
22(163000): 
23(503628): 2(1.069824), 
24(392875): 
25(440566): 
26(430615): 
27(347257): 
28(373473): 
29(501634): 
30(208216): 
31(439593): 
32(233232): 
33(464863): 
34(437216): 
35(172228): 
36(448590): 
37(502236): 
38(313078): 
39(13518): 
40(403958): 
41(140265): 
42(165124): 
43(8533): 
44(130245): 
45(360161): 
46(414636): 
47(316345): 
48(380727): 
49(234093): 
50(224371): 
51(34011): 
52(184612): 
53(50574): 
54(105187): 
55(502786): 
56(255337): 
57(520005): 2(0.811848), 
58(303673): 2(0.321204), 
59(22036): 2(0.977156), 
60(279185): 2(0.460032), 
61(13850): 2(0.465623), 
62(73601): 2(0.542627), 
63(170461): 2(0.260960), 
64(98536): 2(0.466915), 
65(382881): 2(0.459948), 
66(440606): 2(0.526045), 
67(42769): 2(0.542732), 
68(350418): 
69(199263): 
70(504792): 
71(171689): 
72(92249): 2(0.315644), 
73(386234): 2(0.315367), 
74(51187): 2(0.390245), 
75(20763): 2(0.331361), 
76(249514): 2(0.319606), 
77(105238): 2(0.764699), 
78(137338): 2(0.330925), 
79(530090): 2(0.330725), 
80(430544): 2(0.338767), 
81(217970): 2(0.334038), 
82(540372): 2(0.322680), 
83(273670): 2(0.492932), 
84(237646): 
85(357203): 
86(171214): 
87(63331): 
88(11683): 
89(262995): 
90(534198): 
91(56822): 
92(165310): 
93(213303): 
94(367973): 
95(190413): 
96(190336): 
97(488036): 
98(342105): 
99(453411): 
100(225637): 
101(69831): 
102(268848): 
103(66284): 
104(541185): 
105(230469): 
106(68112): 
107(118315): 
108(109732): 
109(217716): 
110(75362): 
