0 376699
1 524891
2 389494
3 113192
4 367645
5 454463
6 216885
7 225811
8 31348
9 95539
10 19767
11 338338
12 362572
13 74852
14 391528
15 48053
16 117923
17 368169
18 233859
19 14981
20 432983
21 352692
22 163000
23 503628
24 392875
25 440566
26 430615
27 347257
28 373473
29 501634
30 208216
31 439593
32 233232
33 464863
34 437216
35 172228
36 448590
37 502236
38 313078
39 13518
40 403958
41 140265
42 165124
43 8533
44 130245
45 360161
46 414636
47 316345
48 380727
49 234093
50 224371
51 34011
52 184612
53 50574
54 105187
55 502786
56 255337
57 520005
58 303673
59 22036
60 279185
61 13850
62 73601
63 170461
64 98536
65 382881
66 440606
67 42769
68 350418
69 199263
70 504792
71 171689
72 92249
73 386234
74 51187
75 20763
76 249514
77 105238
78 137338
79 530090
80 430544
81 217970
82 540372
83 273670
84 237646
85 357203
86 171214
87 63331
88 11683
89 262995
90 534198
91 56822
92 165310
93 213303
94 367973
95 190413
96 190336
97 488036
98 342105
99 453411
100 225637
101 69831
102 268848
103 66284
104 541185
105 230469
106 68112
107 118315
108 109732
109 217716
110 75362
