0(261046): 
1(76984): 2(21.687313), 5(21.687313), 6(21.687313), 
2(261014): 2(2.005577), 5(2.005577), 6(2.005577), 
3(73): 0(3.044554), 1(3.044554), 
4(483855): 0(21.445577), 1(21.445577), 
5(386868): 2(0.982424), 5(0.982424), 6(0.982424), 
6(282562): 0(3.482160), 1(3.482160), 
7(369214): 
8(393723): 0(0.610029), 1(0.610029), 
9(417573): 0(0.584561), 1(0.584561), 
10(258139): 
11(511743): 2(0.532082), 3(25.237093), 4(25.237093), 5(0.532082), 6(0.532082), 
12(516766): 3(3.200774), 4(3.200774), 
13(279516): 
14(509112): 
15(345111): 3(1.627712), 4(1.627712), 
16(142583): 
17(451459): 
18(42018): 3(0.795604), 4(0.795604), 
19(23912): 
20(8642): 
21(324103): 
