0(74703): 2(0.464639), 
1(310594): 2(0.323887), 
2(132771): 2(0.540182), 
3(336537): 2(0.599433), 
4(124223): 2(0.322192), 
5(157592): 2(0.398198), 
6(295343): 2(0.318908), 
7(312581): 2(0.525840), 
8(521818): 2(0.393896), 
9(50037): 2(0.542899), 
10(54603): 
11(59216): 
12(247826): 
13(479755): 3(0.419116), 
14(120296): 3(1.302994), 
15(118408): 3(1.587346), 
16(176119): 3(0.549742), 
17(392075): 3(0.421717), 
18(60613): 3(1.219373), 
19(330216): 0(0.441939), 1(0.441939), 
20(256182): 0(0.670276), 1(0.670276), 
21(31798): 0(0.467706), 1(0.467706), 
22(411667): 0(0.291346), 1(0.291346), 
23(258456): 0(0.291271), 1(0.291271), 
24(139847): 0(0.575502), 1(0.575502), 
25(164668): 0(0.994384), 1(0.994384), 
26(435530): 0(0.371341), 1(0.371341), 
27(222033): 3(1.401811), 
28(491069): 
29(131061): 3(0.276939), 
30(510013): 3(0.240062), 
31(108640): 
32(327789): 2(0.412195), 
33(523270): 
34(533939): 2(0.336784), 
35(529142): 
36(187171): 
37(99160): 2(0.276137), 
38(407423): 
39(344721): 2(0.554924), 
40(520459): 2(0.382364), 
41(348809): 2(0.314204), 
42(522261): 2(0.314308), 
43(72965): 2(0.244874), 
44(332507): 2(0.509157), 
45(326337): 0(0.794838), 1(0.794838), 
46(351039): 
47(77068): 0(0.432946), 1(0.432946), 
48(509664): 0(0.871569), 1(0.871569), 
49(180583): 
50(405299): 0(0.836801), 1(0.836801), 
51(452442): 0(1.064147), 1(1.064147), 
52(526090): 3(0.257638), 
53(393447): 3(0.257529), 
54(134894): 3(2.798225), 
55(369501): 3(0.257528), 
56(95308): 3(0.257339), 
57(294519): 3(0.376969), 
58(206281): 0(0.448037), 1(0.448037), 
59(3365): 
60(246286): 3(0.376843), 
61(459834): 3(0.277512), 
62(251915): 3(0.312420), 
63(290324): 
64(331590): 
65(110029): 3(0.398966), 
66(213937): 
67(404494): 3(0.277272), 
68(525237): 
69(404609): 2(0.653531), 
70(27877): 2(0.639886), 
71(152594): 2(0.495531), 
72(399606): 2(0.742319), 
73(144958): 2(0.397942), 
74(16253): 2(0.325897), 
75(531808): 2(0.325989), 
76(148960): 2(0.333371), 
77(330122): 2(0.641872), 
78(375640): 2(0.486556), 
79(351604): 2(0.470273), 
80(264303): 0(0.368063), 1(0.368063), 
81(380681): 2(0.628498), 
82(519036): 
83(521011): 
84(163023): 
85(107419): 
86(160435): 0(0.317231), 1(0.317231), 
87(232354): 
88(482957): 0(0.319722), 1(0.319722), 
89(122211): 
90(62960): 
91(460548): 2(0.558312), 
92(84592): 3(0.308638), 
93(232913): 2(0.329065), 
94(97698): 
95(493057): 
96(90677): 
97(505904): 
98(190418): 
