0(185312): 4(0.565235), 5(0.565235), 
1(123183): 
2(132763): 20(0.703707), 
3(461898): 4(5.212418), 5(5.212418), 
4(16832): 4(2.073226), 5(2.073226), 
5(458383): 4(2.033955), 5(2.033955), 
6(105481): 4(2.963522), 5(2.963522), 
7(126441): 20(1.286747), 
8(126430): 20(0.430995), 
9(126433): 20(1.550781), 
10(123181): 20(0.435105), 
11(109595): 20(0.932158), 
12(132756): 20(0.831126), 
13(246060): 20(0.988211), 
14(114378): 20(3.618116), 
15(114379): 20(0.857192), 
16(546891): 20(1.485759), 
17(112724): 
18(117287): 
19(545994): 20(0.504991), 
20(545995): 20(0.504993), 
21(546890): 20(1.771971), 
22(458382): 
23(500867): 
24(85382): 
25(500861): 
26(500866): 
27(500865): 
28(379869): 
29(85375): 
30(85383): 
31(317458): 
32(500862): 
33(5081): 
34(9526): 
35(480478): 
36(72916): 
37(446932): 
38(203818): 
39(72915): 
40(97140): 
41(321818): 
42(480479): 
43(321826): 
44(532649): 
45(434697): 4(1.099449), 5(1.099449), 
46(270524): 20(0.842597), 
47(95730): 4(0.460043), 5(0.460043), 
48(321821): 
