0(128025): 
1(534471): 
2(486305): 
3(244171): 3(0.429729), 
4(196321): 
5(208834): 
6(256475): 0(15.961289), 1(15.961289), 2(15.961289), 
7(196142): 
8(269554): 
9(191279): 0(2.596601), 1(2.596601), 2(2.596601), 3(0.467182), 
10(505374): 0(1.122250), 1(1.122250), 2(1.122250), 
11(191264): 3(1.397571), 
12(505371): 0(1.090200), 1(1.090200), 2(1.090200), 
13(167893): 3(0.944013), 
14(424626): 
15(505359): 0(0.423338), 1(0.423338), 2(0.423338), 
16(424622): 3(0.615950), 
17(60022): 0(0.424708), 1(0.424708), 2(0.424708), 
18(166165): 0(16.127654), 1(16.127654), 2(16.127654), 
19(100707): 3(2.835335), 
20(166173): 3(2.206788), 
21(501967): 
22(386375): 
23(269006): 
24(68775): 
25(188036): 
26(250147): 
27(475258): 
28(143005): 3(0.566894), 
29(307846): 3(0.432705), 
30(59586): 3(0.426508), 
31(119487): 3(0.869982), 
32(86758): 3(0.412529), 
33(547414): 
34(38448): 
35(533174): 3(0.456448), 
36(75621): 
37(234213): 
38(327945): 
39(301427): 
40(415335): 
41(2012): 
42(424791): 
43(166170): 3(0.502685), 
44(292335): 
45(165912): 
46(117632): 
