iter  AnomalyNodeRemoved  LL
0 NA -2363694.962291
1 11541 -2363510.384736
2 33899 -2363394.074032
3 416476 -2363326.931013
4 11548 -2363158.163915
5 30672 -2362856.561183
6 97640 -2362640.157514
7 41954 -2361990.516122
8 502664 -2361919.260945
9 344940 -2361808.620392
10 381762 -2361779.435666
11 415032 -2361754.950440
12 534913 -2361731.103039
13 149901 -2361708.605031
14 280690 -2361686.716150
15 369826 -2361643.062320
16 286230 -2361621.246290
17 19974 -2361490.368477
18 151952 -2361468.554059
19 252481 -2361424.912008
20 346886 -2361403.066791
21 362382 -2361141.311516
22 19416 -2361054.059758
23 505967 -2360966.808001
24 78475 -2360835.930365
25 361357 -2360748.678608
26 150858 -2360683.239790
27 122530 -2360639.613912
28 170262 -2360617.800972
29 512919 -2360574.175094
30 258699 -2360552.362155
31 157495 -2360465.110398
32 427824 -2360443.297458
33 149147 -2360377.858641
34 35562 -2360268.793944
35 280281 -2360225.168066
36 192703 -2360203.355127
37 149145 -2360116.103370
38 171543 -2360028.851613
39 149139 -2359963.412795
40 149143 -2359941.599856
41 49568 -2359897.973978
42 49564 -2359876.161038
43 72020 -2359854.348099
44 500603 -2359723.470464
45 51371 -2359658.031646
46 432282 -2359592.592828
47 51382 -2359570.779889
48 9453 -2359527.154011
49 482370 -2359505.341072
50 213650 -2359396.276375
51 250990 -2359330.837558
52 498999 -2359287.211679
53 383428 -2359243.585801
54 499268 -2359156.334044
55 404154 -2359047.269348
56 505626 -2358960.017591
57 404150 -2358938.204652
58 210623 -2358916.391713
59 458808 -2358894.578773
60 83204 -2358872.765834
61 387856 -2358785.514077
62 94157 -2358741.888199
63 473690 -2358720.075260
64 90314 -2358698.262320
65 302648 -2358654.636442
66 415435 -2358589.197624
67 463567 -2358523.758807
68 415427 -2358480.132928
69 363452 -2358414.694111
70 256298 -2358262.003536
71 140996 -2358131.125901
72 537489 -2358000.248265
73 240362 -2357956.622387
74 329109 -2357782.118873
75 338769 -2357629.428299
76 534984 -2357520.363602
77 413463 -2357476.737724
78 540555 -2357389.485967
79 248476 -2357236.795393
80 382795 -2357084.104818
81 154869 -2357018.666000
82 280308 -2356953.227183
83 479736 -2356931.414244
84 62224 -2356909.601304
85 155951 -2356887.788365
86 433884 -2356800.536608
87 386125 -2356778.723669
88 39809 -2356756.910730
89 290730 -2356669.658973
90 486116 -2356626.033094
91 23977 -2356582.407216
92 238876 -2356538.781338
93 107235 -2356473.342520
94 393488 -2356080.709614
95 497490 -2356015.270796
96 357761 -2355993.457857
97 493703 -2355949.831979
98 151382 -2355884.393161
99 483379 -2355840.767283
100 534625 -2355753.515526
101 406634 -2355709.889647
102 22672 -2355600.824951
103 389847 -2355339.069680
104 132013 -2355295.443802
105 137042 -2354968.249714
106 182138 -2354815.559139
107 288489 -2354662.868565
108 433515 -2354641.055625
109 139980 -2354575.616808
110 324926 -2354379.300355
111 193327 -2354313.861537
112 322380 -2354226.609780
113 75281 -2354182.983902
114 355062 -2354073.919206
115 98592 -2353986.667449
116 505640 -2353921.228631
117 436513 -2353855.789813
118 112499 -2353746.725117
119 509591 -2353724.912178
120 52106 -2353703.099239
121 377785 -2353594.034543
122 431873 -2353484.969847
123 542105 -2353397.718090
124 308292 -2353354.092211
125 147716 -2353288.653394
126 144400 -2353266.840454
127 21930 -2353070.524002
128 129992 -2353005.085184
129 532819 -2352917.833427
130 450485 -2352830.581670
131 394861 -2352743.329913
132 21926 -2352612.452278
133 21923 -2352547.013460
134 410233 -2352394.322886
135 9630 -2352372.509946
136 348122 -2352263.445250
137 461663 -2352176.193493
138 406622 -2352110.754676
139 340358 -2352067.128797
140 346686 -2352023.502919
141 39024 -2352001.689980
142 278902 -2351914.438223
143 241407 -2351761.747648
144 165779 -2351587.244135
145 453518 -2351478.179438
146 197143 -2351260.050046
147 15709 -2351216.424168
148 543449 -2351172.798289
149 127108 -2351085.546532
150 456247 -2350998.294776
151 274593 -2350954.668897
152 475234 -2350911.043019
153 42223 -2350889.230079
154 62861 -2350867.417140
155 59951 -2350801.978323
156 397246 -2350758.352444
157 245826 -2350627.474809
158 184173 -2350452.971295
159 543459 -2350365.719538
160 156993 -2350213.028964
161 134231 -2350060.338389
162 184126 -2349929.460754
163 488583 -2349842.208997
164 174471 -2349754.957240
165 344204 -2349667.705483
166 440425 -2349624.079605
167 25301 -2349602.266665
168 344202 -2349580.453726
169 445494 -2349536.827848
170 414227 -2349471.389030
171 200511 -2349427.763152
172 534006 -2349362.324334
173 327720 -2349318.698456
174 405595 -2349275.072577
175 220240 -2349253.259638
176 477606 -2349209.633760
177 123654 -2349187.820820
178 447384 -2349122.382003
179 447345 -2349056.943185
180 462512 -2349035.130246
181 32908 -2348991.504367
182 388134 -2348947.878489
183 388133 -2348838.813793
184 388131 -2348751.562036
185 119524 -2348555.245583
186 119525 -2348424.367948
187 119527 -2348337.116191
188 119551 -2348228.051495
189 499124 -2348140.799738
190 119554 -2348031.735042
191 354072 -2347988.109163
192 532011 -2347966.296224
193 249034 -2347922.670346
194 356980 -2347791.792710
195 372173 -2347595.476257
196 358565 -2347464.598622
197 142520 -2347333.720987
198 369820 -2347246.469230
199 226698 -2347115.591594
200 169214 -2347050.152777
201 465424 -2347028.339837
202 270735 -2346919.275141
203 523011 -2346722.958688
204 263076 -2346635.706931
205 10172 -2346570.268114
206 390367 -2346483.016357
207 406823 -2346417.577539
208 284426 -2346286.699904
209 13177 -2346221.261086
210 419504 -2346112.196390
211 459859 -2345981.318755
212 437111 -2345850.441120
213 184350 -2345763.189363
214 321426 -2345675.937606
215 284613 -2345632.311727
216 226446 -2345610.498788
217 377932 -2345414.182335
218 246201 -2345326.930578
219 531221 -2345283.304700
220 31163 -2345261.491761
221 246202 -2345065.175308
222 376967 -2344977.923551
223 539490 -2344694.355341
224 399534 -2344498.038888
225 408570 -2344301.722435
226 41545 -2344170.844800
227 316427 -2344127.218921
228 284909 -2344105.405982
229 39223 -2344018.154225
230 175241 -2343930.902468
231 114320 -2343887.276590
232 114323 -2343821.837772
233 449870 -2343800.024833
234 87127 -2343712.773076
235 87126 -2343560.082501
236 362229 -2343407.391927
237 243105 -2343320.140170
238 243095 -2343211.075474
239 237322 -2343189.262535
240 147091 -2343145.636656
241 350506 -2343102.010778
242 165614 -2343080.197839
243 87129 -2342992.946082
244 243158 -2342971.133142
245 323988 -2342883.881386
246 463294 -2342774.816689
247 539229 -2342709.377872
248 391609 -2342643.939054
249 37848 -2342578.500237
250 450112 -2342556.687297
251 294593 -2342491.248480
252 365285 -2342382.183784
253 201878 -2342294.932027
254 206513 -2342229.493209
255 212121 -2342185.867331
256 381652 -2342142.241452
257 207803 -2342098.615574
258 217024 -2342076.802634
259 44915 -2341989.550878
260 495791 -2341880.486181
261 361746 -2341836.860303
262 543739 -2341749.608546
263 393747 -2341727.795607
264 356856 -2341684.169728
265 95979 -2341662.356789
266 219662 -2341575.105032
267 354275 -2341531.479154
268 477731 -2341487.853275
269 79973 -2341466.040336
270 126666 -2341422.414458
271 115452 -2341335.162701
272 205693 -2341226.098005
273 126668 -2341117.033309
274 356109 -2341095.220370
275 212946 -2341073.407430
276 14739 -2341007.968613
277 217171 -2340986.155673
278 426707 -2340877.090977
279 42761 -2340855.278038
280 455994 -2340833.465099
281 387236 -2340789.839220
282 102756 -2340724.400403
283 58894 -2340637.148646
284 310513 -2340615.335707
285 244872 -2340549.896889
286 393109 -2340506.271011
287 21489 -2340440.832193
288 372117 -2340375.393375
289 468624 -2340266.328679
290 433138 -2340179.076922
291 20529 -2340091.825165
292 184511 -2340026.386348
293 287540 -2339982.760469
294 503259 -2339917.321652
295 391855 -2339808.256956
296 401816 -2339764.631077
297 445165 -2339742.818138
298 372444 -2339721.005199
299 457072 -2339677.379320
300 205959 -2339633.753442
301 457085 -2339590.127563
302 521619 -2339459.249928
303 166963 -2339437.436989
304 501535 -2339350.185232
305 380282 -2339306.559353
306 300598 -2339197.494657
307 4062 -2339088.429961
308 370973 -2339066.617022
309 324597 -2338979.365265
310 188720 -2338935.739387
311 300590 -2338761.235873
312 34120 -2338586.732359
313 444342 -2338434.041785
314 33551 -2338390.415906
315 219207 -2338324.977089
316 451794 -2338281.351210
317 300584 -2338259.538271
318 184680 -2338237.725332
319 153101 -2338085.034757
320 474944 -2337954.157122
321 432858 -2337888.718304
322 44293 -2337779.653608
323 337774 -2337692.401851
324 330501 -2337670.588912
325 470674 -2337605.150094
326 430006 -2337561.524216
327 192051 -2337430.646580
328 455807 -2337343.394824
329 523251 -2337256.143067
330 117366 -2337125.265431
331 117367 -2336972.574857
332 117377 -2336907.136039
333 237443 -2336885.323100
334 148423 -2336754.445465
335 451280 -2336623.567829
336 13857 -2336536.316072
337 82953 -2336470.877255
338 369409 -2336405.438437
339 148417 -2336361.812559
340 477597 -2336296.373741
341 260312 -2336274.560802
342 85822 -2336100.057288
343 128502 -2336012.805531
344 258639 -2335729.237321
345 314756 -2335467.482051
346 269135 -2335402.043233
347 1910 -2335380.230294
348 444754 -2335292.978537
349 495450 -2335205.726780
350 310796 -2335183.913841
351 151387 -2335162.100902
352 243427 -2334878.532692
353 132201 -2334856.719752
354 230056 -2334725.842117
355 393433 -2334507.712725
356 60479 -2334398.648029
357 152644 -2334355.022150
358 152321 -2334267.770394
359 497931 -2334180.518637
360 243423 -2334158.705697
361 263030 -2334093.266880
362 72053 -2334049.641001
363 511258 -2334027.828062
364 545898 -2333962.389244
365 214875 -2333940.576305
366 375951 -2333787.885731
367 509889 -2333678.821035
368 440803 -2333613.382217
369 460299 -2333547.943399
370 365066 -2333504.317521
371 19887 -2333438.878703
372 422566 -2333373.439886
373 173736 -2333351.626946
374 542404 -2333286.188129
375 190192 -2333198.936372
376 195799 -2333155.310493
377 310504 -2333133.497554
378 126348 -2333089.871676
379 198625 -2333068.058736
380 528173 -2333024.432858
381 62993 -2333002.619919
382 98602 -2332893.555223
383 123182 -2332849.929344
384 131494 -2332806.303466
385 196124 -2332740.864648
386 333585 -2332631.799952
387 393071 -2332588.174074
388 322660 -2332500.922317
389 541773 -2332413.670560
390 541774 -2332348.231742
391 97194 -2332304.605864
392 464256 -2332260.979985
393 16427 -2332239.167046
394 160934 -2332151.915289
395 252631 -2332021.037654
396 184001 -2331933.785897
397 310924 -2331890.160019
398 311696 -2331846.534140
399 508508 -2331824.721201
400 167798 -2331802.908262
401 167799 -2331453.901234
402 468336 -2331323.023599
403 74782 -2331235.771842
404 842 -2331170.333024
405 222128 -2331017.642450
406 97874 -2330930.390693
407 502776 -2330843.138936
408 13095 -2330777.700118
409 167806 -2330690.448361
410 93617 -2330515.944848
411 167802 -2330428.693091
412 13123 -2330385.067212
413 167801 -2330319.628395
414 13121 -2330297.815455
415 446488 -2330254.189577
416 167811 -2330145.124881
417 502824 -2330057.873124
418 167426 -2330014.247246
419 485348 -2329992.434306
420 361621 -2329926.995489
421 288092 -2329839.743732
422 372631 -2329708.866096
423 194100 -2329643.427279
424 20879 -2329490.736704
425 372637 -2329468.923765
426 322414 -2329403.484947
427 346530 -2329338.046130
428 371662 -2329250.794373
429 441696 -2329185.355555
430 340340 -2329141.729677
431 451962 -2329119.916738
432 102751 -2329032.664981
433 280497 -2328945.413224
434 365061 -2328901.787345
435 33373 -2328879.974406
436 329503 -2328814.535588
437 173342 -2328770.909710
438 71571 -2328749.096771
439 423279 -2328705.470892
440 172687 -2328683.657953
441 334308 -2328378.276804
442 373379 -2328312.837986
443 425194 -2328269.212108
444 172138 -2328181.960351
445 506197 -2328029.269777
446 523533 -2327985.643898
447 353206 -2327898.392141
448 310433 -2327745.701567
449 310436 -2327680.262749
450 526651 -2327658.449810
451 58373 -2327614.823931
452 360694 -2327353.068661
453 490119 -2327265.816904
454 30791 -2327113.126329
455 434414 -2327069.500451
456 336532 -2326916.809876
457 336525 -2326873.183998
458 336526 -2326829.558119
459 286436 -2326742.306362
460 447197 -2326676.867545
461 490123 -2326589.615788
462 536803 -2326480.551092
463 246699 -2326436.925213
464 290006 -2326349.673457
465 494429 -2326262.421700
466 44431 -2326175.169943
467 108094 -2326131.544064
468 469547 -2326109.731125
469 370049 -2326022.479368
470 62812 -2326000.666429
471 378854 -2325978.853490
472 159159 -2325935.227611
473 294762 -2325913.414672
474 405788 -2325869.788794
475 474845 -2325826.162915
476 538673 -2325804.349976
477 405786 -2325782.537037
478 474878 -2325695.285280
479 401742 -2325608.033523
480 441753 -2325542.594705
481 177145 -2325477.155888
482 426287 -2325368.091192
483 112416 -2325215.400617
484 450130 -2325193.587678
485 241485 -2325084.522982
486 269112 -2325019.084164
487 516988 -2324997.271225
488 282855 -2324975.458286
489 255943 -2324931.832407
490 492807 -2324888.206529
491 511732 -2324866.393590
492 326416 -2324800.954772
493 388873 -2324757.328893
494 430920 -2324735.515954
495 388874 -2324713.703015
496 128383 -2324691.890076
497 8843 -2324670.077137
498 401574 -2324648.264197
499 213201 -2324604.638319
500 364677 -2324517.386562
