0(310937): 0(27.859121), 
1(203359): 
2(344438): 
3(544957): 
4(361070): 0(0.582910), 
5(495664): 
6(27651): 
7(354742): 
8(15489): 0(6.940474), 
9(289158): 
10(5457): 
11(60667): 
12(496329): 0(2.955319), 
13(389413): 2(0.410906), 
14(31953): 
15(270273): 0(15.980872), 
16(316207): 
17(373680): 
18(251108): 0(2.317838), 
19(369475): 
20(444683): 
21(69077): 
22(24669): 
23(26602): 2(0.534560), 
24(377116): 
25(75123): 
26(309081): 
27(450091): 2(0.534701), 
28(5243): 2(2.060335), 
29(224389): 2(0.403950), 
30(156733): 
31(311683): 2(0.410593), 
32(335655): 2(1.079311), 
33(323165): 
