0(518606): 
1(455158): 1(0.297587), 2(0.297587), 
2(218429): 1(0.234506), 2(0.234506), 
3(196453): 1(0.235850), 2(0.235850), 
4(412242): 1(0.490424), 2(0.490424), 
5(57685): 
6(137392): 
7(519342): 
8(281118): 
9(271766): 
10(104504): 
11(64539): 
12(78849): 
13(82128): 
14(115598): 
15(528926): 0(0.405802), 
16(438465): 1(0.569346), 2(0.569346), 
17(77320): 1(0.357507), 2(0.357507), 
18(82823): 1(0.816129), 2(0.816129), 
19(525219): 1(0.304552), 2(0.304552), 
20(354348): 1(0.436617), 2(0.436617), 
21(242549): 1(0.241627), 2(0.241627), 
22(107230): 1(0.356797), 2(0.356797), 
23(253751): 1(0.298662), 2(0.298662), 
24(354600): 
25(224125): 
26(498016): 
27(97420): 
28(81392): 
29(95698): 
30(3120): 0(0.412482), 
31(362551): 0(1.151581), 
32(436450): 0(0.299808), 
33(276847): 0(0.904106), 
34(246768): 0(1.719129), 
35(101939): 0(0.926075), 
36(341761): 0(0.632983), 
37(189398): 0(0.350029), 
38(276086): 0(0.644584), 
39(9869): 0(0.465550), 
40(120326): 
41(266147): 
42(504277): 
43(211925): 
44(190266): 
45(335032): 
46(343933): 
47(457320): 
48(284788): 
49(52665): 1(0.218162), 2(0.218162), 
50(104997): 
51(70232): 1(0.237779), 2(0.237779), 
52(449008): 
53(399137): 1(0.342191), 2(0.342191), 
54(153172): 1(0.297228), 2(0.297228), 
55(146209): 
56(481242): 1(0.241874), 2(0.241874), 
57(110936): 1(0.288827), 2(0.288827), 
58(483042): 
59(28461): 
60(91983): 1(0.359790), 2(0.359790), 
61(112768): 
62(538992): 1(0.306065), 2(0.306065), 
63(226912): 0(0.633753), 
64(178391): 1(0.241818), 2(0.241818), 
65(375181): 1(0.235453), 2(0.235453), 
66(447700): 
67(471688): 0(0.244309), 
68(236382): 0(0.293509), 
69(460256): 
70(161157): 
71(189580): 
72(149432): 0(0.296791), 
73(219936): 
74(412077): 1(0.241984), 2(0.241984), 
75(14992): 0(0.323665), 
76(541722): 0(0.399536), 
77(203600): 0(0.623636), 
78(65985): 0(0.912406), 
79(150038): 0(0.411597), 
80(377304): 0(0.722354), 
81(289784): 1(0.413969), 2(0.413969), 
82(330541): 1(0.334961), 2(0.334961), 
83(265320): 1(0.416078), 2(0.416078), 
84(343112): 
85(319065): 
86(527391): 
87(281961): 
88(135519): 
89(442647): 
90(123297): 
91(80905): 
92(434120): 
93(504831): 0(0.783265), 
94(387465): 0(0.309595), 
95(300171): 0(0.402962), 
96(269579): 
97(321216): 
98(254204): 
99(160330): 
100(36530): 
101(219484): 
102(290158): 
103(29384): 
104(394976): 
105(30357): 
106(424159): 
107(290813): 
108(149105): 
109(260060): 
110(450608): 
111(468540): 
112(128619): 
113(419169): 
114(376939): 
115(71521): 
116(329132): 
117(134368): 
118(525485): 
