0 518606
1 455158
2 218429
3 196453
4 412242
5 57685
6 137392
7 519342
8 281118
9 271766
10 104504
11 64539
12 78849
13 82128
14 115598
15 528926
16 438465
17 77320
18 82823
19 525219
20 354348
21 242549
22 107230
23 253751
24 354600
25 224125
26 498016
27 97420
28 81392
29 95698
30 3120
31 362551
32 436450
33 276847
34 246768
35 101939
36 341761
37 189398
38 276086
39 9869
40 120326
41 266147
42 504277
43 211925
44 190266
45 335032
46 343933
47 457320
48 284788
49 52665
50 104997
51 70232
52 449008
53 399137
54 153172
55 146209
56 481242
57 110936
58 483042
59 28461
60 91983
61 112768
62 538992
63 226912
64 178391
65 375181
66 447700
67 471688
68 236382
69 460256
70 161157
71 189580
72 149432
73 219936
74 412077
75 14992
76 541722
77 203600
78 65985
79 150038
80 377304
81 289784
82 330541
83 265320
84 343112
85 319065
86 527391
87 281961
88 135519
89 442647
90 123297
91 80905
92 434120
93 504831
94 387465
95 300171
96 269579
97 321216
98 254204
99 160330
100 36530
101 219484
102 290158
103 29384
104 394976
105 30357
106 424159
107 290813
108 149105
109 260060
110 450608
111 468540
112 128619
113 419169
114 376939
115 71521
116 329132
117 134368
118 525485
