iter  AnomalyNodeRemoved  LL
0 NA -1239736.095587
1 287141 -1239524.213786
2 448374 -1238130.828858
3 460062 -1237976.834872
4 286893 -1237828.601212
5 94931 -1237447.620828
6 32451 -1237336.912841
7 239461 -1237207.631827
8 509145 -1237142.937434
9 46703 -1237019.213183
10 127470 -1236996.265864
11 515064 -1236893.384426
12 190224 -1236790.533663
13 188744 -1236728.823388
14 69843 -1236646.543001
15 369190 -1236399.702130
16 259203 -1236132.291203
17 100013 -1235988.300705
18 31408 -1235864.880278
19 478270 -1235823.740135
20 72133 -1235782.599993
21 10869 -1235700.319708
22 178966 -1235638.609495
23 147059 -1235618.039424
24 463820 -1235597.469352
25 76467 -1235535.759139
26 535408 -1235371.198570
27 513654 -1235268.348214
28 10902 -1235165.497858
29 412102 -1235103.787645
30 349352 -1235083.217573
31 204846 -1234980.367218
32 192013 -1234959.797146
33 46863 -1234939.227075
34 176684 -1234898.086933
35 181127 -1234856.946791
36 364715 -1234836.376719
37 38181 -1234815.806648
38 179856 -1234671.816150
39 454734 -1234610.105937
40 58995 -1234527.825652
41 482934 -1234466.115439
42 149838 -1234383.835154
43 308730 -1234301.554869
44 125303 -1234219.274585
45 295901 -1234157.564371
46 296883 -1234075.284087
47 56190 -1233951.863660
48 438261 -1233849.013304
49 314066 -1233725.592877
50 469386 -1233643.312592
51 384778 -1233622.742521
52 71121 -1233602.172450
53 355596 -1233519.892165
54 101338 -1233499.322094
55 69808 -1233478.752023
56 58374 -1233417.041809
57 283656 -1233334.761525
58 446194 -1232655.949176
59 334611 -1232265.117824
60 171506 -1231997.706899
61 56909 -1231195.474124
62 8546 -1231133.763910
63 115476 -1230969.203341
64 490032 -1230907.493128
65 121551 -1230886.923057
66 92265 -1230845.782914
67 29164 -1230804.642772
68 189106 -1230701.792416
69 246814 -1230537.231847
70 423204 -1230290.390993
71 86206 -1230064.120210
72 212664 -1229920.129712
73 214533 -1229796.709285
74 464293 -1229734.999072
75 5262 -1229591.008573
76 415291 -1229570.438502
77 415486 -1229488.158218
78 249735 -1229405.877933
79 289790 -1229385.307862
80 104277 -1229241.317364
81 473332 -1229179.607150
82 529539 -1229076.756794
83 490802 -1229015.046581
84 9359 -1228953.336367
85 489312 -1228850.486012
86 110944 -1228809.345869
87 425686 -1228788.775798
88 168997 -1228768.205727
89 185904 -1228747.635656
90 194318 -1228727.065585
91 279778 -1228665.355371
92 392832 -1228603.645158
93 295517 -1228480.224731
94 214367 -1228397.944446
95 432835 -1228336.234233
96 170697 -1228295.094090
97 75712 -1228253.953948
98 221061 -1228027.683165
99 268083 -1227986.543023
100 360469 -1227965.972952
101 48714 -1227924.832809
102 226662 -1227883.692667
103 318506 -1227821.982454
104 138984 -1227760.272240
105 99392 -1227739.702169
106 27116 -1227719.132098
107 275248 -1227698.562027
108 364830 -1227677.991955
109 72397 -1227616.281742
110 72382 -1227575.141600
111 154241 -1227513.431386
112 368929 -1227492.861315
113 288348 -1227472.291244
114 520914 -1227410.581030
115 313898 -1227287.160603
116 482203 -1227184.310248
117 414360 -1227060.889821
118 209317 -1227040.319749
119 367922 -1227019.749678
120 125399 -1226999.179607
121 285202 -1226958.039465
122 400500 -1226937.469394
123 334152 -1226916.899322
124 246209 -1226896.329251
125 352930 -1226855.189109
126 480235 -1226814.048967
127 413956 -1226772.908824
128 483279 -1226731.768682
129 117078 -1226587.778184
130 429914 -1226526.067970
131 47929 -1226423.217615
132 161832 -1226402.647543
133 469795 -1226361.507401
134 8038 -1226340.937330
135 213185 -1226320.367259
136 4078 -1226299.797188
137 76076 -1226217.516903
138 375325 -1225806.115480
139 219109 -1225374.143985
140 464329 -1225333.003843
141 266599 -1225312.433772
142 358956 -1225271.293630
143 234644 -1225209.583416
144 69696 -1225086.162989
145 89631 -1224962.742562
146 175060 -1224901.032349
147 489260 -1224859.892206
148 292170 -1224757.041851
149 486304 -1224695.331637
150 57553 -1224654.191495
151 28907 -1224510.200997
152 373660 -1224448.490783
153 494847 -1224427.920712
154 490391 -1224407.350641
155 422256 -1224283.930214
156 298272 -1224201.649929
157 469987 -1224160.509787
158 37708 -1224098.799573
159 257144 -1223995.949218
160 309591 -1223934.239004
161 92921 -1223893.098862
162 480152 -1223872.528791
163 526147 -1223851.958719
164 210525 -1223810.818577
165 51138 -1223790.248506
166 346173 -1223749.108364
167 303586 -1223666.828079
168 361834 -1223461.127367
169 438767 -1223358.277012
170 296407 -1223296.566798
171 90127 -1223255.426656
172 378268 -1223234.856585
173 264565 -1223193.716442
174 227371 -1223132.006229
175 263031 -1223111.436158
176 175762 -1223090.866086
177 270645 -1223008.585802
178 148994 -1222967.445659
179 407001 -1222946.875588
180 129371 -1222926.305517
181 79545 -1222905.735446
182 25712 -1222885.165375
183 47923 -1222741.174877
184 508957 -1222700.034734
185 386495 -1222638.324521
186 83384 -1222597.184379
187 18429 -1222535.474165
188 520700 -1222514.904094
189 277314 -1222350.343525
190 472249 -1222288.633311
191 60877 -1222247.493169
192 338228 -1222165.212884
193 306823 -1222144.642813
194 380978 -1222124.072742
195 78113 -1222103.502671
196 339767 -1222021.222386
197 60292 -1221938.942101
198 468286 -1221897.801959
199 523544 -1221877.231888
200 339768 -1221815.521674
201 271879 -1221753.811461
202 11812 -1221733.241390
203 153284 -1221630.391034
204 450358 -1221589.250892
205 128664 -1221527.540678
206 47254 -1221506.970607
207 515871 -1221486.400536
208 36462 -1221465.830465
209 108310 -1221362.980109
210 240132 -1221239.559682
211 309818 -1221198.419540
212 337691 -1221157.279397
213 210353 -1221136.709326
214 312362 -1221074.999113
215 86268 -1220972.148757
216 341967 -1220766.448045
217 345173 -1220293.336409
218 410942 -1220108.205768
219 117486 -1219779.084630
220 422027 -1219635.094131
221 61858 -1219614.524060
222 221906 -1219573.383918
223 454298 -1219532.243776
224 84923 -1219511.673704
225 290213 -1219429.393420
226 25141 -1219326.543064
227 359057 -1219017.991997
228 62443 -1218935.711712
229 202607 -1218915.141641
230 392676 -1218874.001498
231 363011 -1218853.431427
232 247363 -1218832.861356
233 830 -1218730.011000
234 457898 -1218586.020502
235 521810 -1218524.310289
236 389963 -1218339.179648
237 394991 -1218174.619079
238 413754 -1218071.768723
239 268852 -1218030.628581
240 482797 -1217968.918367
241 426594 -1217927.778225
242 389344 -1217907.208154
243 524092 -1217845.497940
244 428895 -1217763.217656
245 343413 -1217701.507442
246 516589 -1217639.797229
247 381579 -1217578.087015
248 144071 -1217557.516944
249 398123 -1217495.806731
250 74803 -1217475.236659
251 30417 -1217454.666588
252 53600 -1217372.386304
253 107955 -1217351.816232
254 343515 -1217310.676090
255 425654 -1217228.395806
256 89927 -1217187.255663
257 48555 -1217146.115521
258 530731 -1217125.545450
259 254937 -1217084.405307
260 421346 -1217063.835236
261 535185 -1216960.984880
262 146489 -1216878.704596
263 403707 -1216796.424311
264 47876 -1216755.284169
265 235681 -1216714.144026
266 532150 -1216693.573955
267 293831 -1216611.293671
268 525829 -1216590.723600
269 337916 -1216570.153528
270 17145 -1216549.583457
271 52556 -1216529.013386
272 131187 -1216487.873244
273 426907 -1216302.742603
274 21962 -1216158.752105
275 434154 -1216097.041892
276 403277 -1215953.051394
277 302589 -1215911.911251
278 372968 -1215850.201038
279 336031 -1215788.490824
280 241039 -1215767.920753
281 63313 -1215747.350682
282 513405 -1215726.780611
283 130883 -1215706.210540
284 187533 -1215685.640468
285 415349 -1215644.500326
286 66213 -1215582.790113
287 413684 -1215562.220041
288 473907 -1215541.649970
289 187955 -1215500.509828
290 131189 -1215479.939757
291 469351 -1215438.799615
292 286816 -1215418.229543
293 32220 -1215397.659472
294 456655 -1215356.519330
295 372177 -1215315.379188
296 457553 -1215253.668974
297 278335 -1215150.818618
298 156489 -1215068.538334
299 321867 -1215006.828120
300 207684 -1214965.687978
301 388736 -1214945.117907
302 472147 -1214903.977764
303 514718 -1214883.407693
304 174474 -1214698.277053
305 166632 -1214657.136910
306 210162 -1214636.566839
307 435773 -1214615.996768
308 464086 -1214595.426697
309 541970 -1214574.856626
310 271129 -1214554.286555
311 432036 -1214492.576341
312 369674 -1214472.006270
313 425717 -1214410.296056
314 487914 -1214348.585843
315 299189 -1214328.015772
316 140628 -1214307.445701
317 525299 -1214266.305558
318 277300 -1214163.455203
319 301736 -1214142.885131
320 405519 -1214101.744989
321 540285 -1214081.174918
322 160612 -1214060.604847
323 87473 -1213978.324562
324 396603 -1213793.193922
325 20727 -1213710.913637
326 20666 -1213587.493210
327 6478 -1213525.782997
328 257886 -1213299.512214
329 227398 -1213258.372071
330 252157 -1213237.802000
331 180477 -1213196.661858
332 329463 -1213134.951644
333 414245 -1213114.381573
334 287722 -1213093.811502
335 484775 -1213073.241431
336 427294 -1212929.250933
337 475156 -1212846.970648
338 289432 -1212785.260435
339 531023 -1212723.550221
340 300326 -1212702.980150
341 403359 -1212661.840008
342 465257 -1212620.699865
343 379423 -1212517.849510
344 104742 -1212394.429083
345 504773 -1212291.578727
346 205383 -1212229.868513
347 451185 -1212168.158300
348 365390 -1212044.737873
349 62374 -1212024.167802
350 390773 -1211921.317446
351 257325 -1211756.756877
352 452471 -1211633.336450
353 110801 -1211612.766379
354 284712 -1211592.196307
355 274431 -1211530.486094
356 364792 -1211468.775880
357 367136 -1211407.065667
358 87834 -1211345.355453
359 510933 -1211324.785382
360 322214 -1211304.215311
361 395855 -1211263.075169
362 391225 -1211139.654742
363 81480 -1211098.514599
364 431154 -1211057.374457
365 96399 -1211016.234315
366 217622 -1210995.664244
367 491285 -1210748.823390
368 420892 -1210687.113176
369 21632 -1210645.973034
370 387380 -1210625.402963
371 439641 -1210563.692749
372 491689 -1210481.412465
373 232585 -1210357.992038
374 479963 -1210255.141682
375 274306 -1210214.001540
376 33905 -1210152.291326
377 199711 -1210070.011041
378 82181 -1209864.310330
379 503798 -1209699.749761
380 514617 -1209576.329334
381 426081 -1209555.759262
382 201643 -1209514.619120
383 16404 -1209452.908907
384 50117 -1209432.338835
385 77432 -1209391.198693
386 502941 -1209329.488480
387 508314 -1209288.348337
388 147190 -1209267.778266
389 187365 -1209247.208195
390 176853 -1209226.638124
391 32747 -1209185.497982
392 160216 -1209000.367341
393 203828 -1208938.657128
394 515210 -1208876.946914
395 247215 -1208815.236701
396 510700 -1208794.666629
397 268453 -1208753.526487
398 246280 -1208732.956416
399 157247 -1208650.676131
400 352703 -1208527.255704
401 370094 -1208506.685633
402 80346 -1208486.115562
403 313878 -1208362.695135
404 459239 -1208342.125064
405 534144 -1208300.984922
406 83016 -1208115.854281
407 319568 -1208054.144068
408 95941 -1207992.433854
409 466656 -1207930.723641
410 429742 -1207869.013427
411 131723 -1207725.022929
412 522604 -1207683.882787
413 177175 -1207663.312716
414 234549 -1207581.032431
415 150857 -1207560.462360
416 512741 -1207519.322217
417 77888 -1207498.752146
418 248773 -1207416.471862
419 85318 -1207375.331719
420 315528 -1207334.191577
421 99408 -1207313.621506
422 102462 -1207272.481364
423 286992 -1207251.911292
424 416890 -1207231.341221
425 490312 -1207149.060937
426 243345 -1207087.350723
427 280984 -1207046.210581
428 279260 -1207025.640510
429 253694 -1206963.930296
430 510152 -1206881.650011
431 283434 -1206819.939798
432 320621 -1206758.229584
433 231561 -1206737.659513
434 259236 -1206655.379229
435 286379 -1206634.809158
436 405371 -1206593.669015
437 494116 -1206511.388731
438 119337 -1206429.108446
439 179328 -1206202.837663
440 123596 -1205873.716525
441 148112 -1205688.585884
442 484529 -1205668.015813
443 53076 -1205606.305599
444 529156 -1205544.595386
445 363894 -1205503.455244
446 122513 -1205421.174959
447 467589 -1205277.184461
448 371760 -1205071.483749
449 419458 -1204968.633393
450 492071 -1204783.502753
451 306176 -1204701.222468
452 408428 -1204618.942184
453 20168 -1204557.231970
454 248811 -1204495.521757
455 99349 -1204454.381614
456 243134 -1204372.101330
457 465670 -1204269.250974
458 488238 -1204207.540761
459 114327 -1204125.260476
460 281535 -1204042.980191
461 96064 -1204001.840049
462 467573 -1203960.699907
463 475929 -1203775.569266
464 363696 -1203652.148839
465 347618 -1203611.008697
466 282318 -1203528.728412
467 365793 -1203446.448128
468 47347 -1203364.167843
469 53681 -1203302.457629
470 118101 -1203261.317487
471 271391 -1203240.747416
472 106378 -1203220.177345
473 496758 -1203179.037202
474 536720 -1203158.467131
475 297769 -1203137.897060
476 441981 -1203117.326989
477 187514 -1203096.756918
478 339270 -1203055.616775
479 220963 -1203035.046704
480 345991 -1202993.906562
481 220803 -1202973.336491
482 143571 -1202932.196349
483 484532 -1202891.056206
484 216245 -1202870.486135
485 279463 -1202788.205850
486 475846 -1202767.635779
487 86940 -1202726.495637
488 277325 -1202705.925566
489 194803 -1202685.355495
490 205889 -1202520.794925
491 328474 -1202294.524143
492 374984 -1202232.813929
493 217771 -1202068.253360
494 391828 -1202006.543146
495 121080 -1201924.262862
496 266284 -1201841.982577
497 377742 -1201800.842435
498 232083 -1201780.272363
499 6207 -1201759.702292
500 94685 -1201718.562150
