0(205753): 
1(120216): 2(4.699648), 3(4.699648), 4(4.754295), 
2(514234): 0(6.274196), 1(6.274196), 4(17.490883), 
3(144759): 2(8.482214), 3(8.482214), 
4(96570): 2(3.390564), 3(3.390564), 4(5.012186), 
5(170852): 2(1.415372), 3(1.415372), 
6(155547): 
7(101887): 
8(522052): 
9(334949): 
10(138082): 
11(282030): 
12(490663): 
13(242922): 
14(77207): 
15(267488): 
16(478239): 
17(54592): 
18(334702): 
19(154531): 
20(502957): 
21(449271): 
22(523122): 
23(148667): 
24(543383): 
25(470241): 
26(29420): 
27(332625): 
28(30231): 
29(534183): 
30(31816): 
31(493688): 
32(183335): 
33(471504): 
34(295712): 
35(68266): 
36(327230): 
37(255998): 
38(153667): 
39(302934): 
40(421055): 
41(524835): 
42(303224): 
43(17709): 
44(99737): 
45(266875): 
46(110845): 
47(323681): 
48(447132): 
49(518779): 
50(291353): 
51(250473): 
52(89482): 
53(174042): 
54(385452): 
55(143298): 
56(214971): 
57(148815): 
58(28177): 
59(387927): 
60(406316): 
61(192753): 
62(430917): 
63(93050): 
64(526279): 
65(267589): 
66(399472): 
67(237412): 
68(113814): 
69(303820): 
70(492019): 
71(54426): 
72(362794): 
73(22687): 
74(62052): 
75(335207): 
76(145667): 
77(241881): 0(12.245171), 1(12.245171), 2(1.301756), 3(1.301756), 
78(439926): 2(1.099567), 3(1.099567), 4(1.938471), 
79(520043): 0(1.777844), 1(1.777844), 
80(343273): 
81(245861): 
82(502220): 0(5.277586), 1(5.277586), 
83(388820): 0(2.006047), 1(2.006047), 
84(173982): 
85(251270): 0(8.266248), 1(8.266248), 
86(207318): 
87(356552): 
88(418859): 
89(513584): 
90(145796): 
91(190037): 
92(276303): 
93(323234): 
94(514938): 
95(122110): 
96(95025): 
97(22383): 
98(220940): 
99(51130): 
100(323839): 
101(544881): 
102(491704): 4(0.671110), 
