0(542826): 0(1.037806), 
1(176908): 0(1.338669), 
2(543730): 0(1.383623), 
3(543762): 0(0.658222), 
4(536742): 0(1.345595), 
5(151748): 0(1.169074), 
6(257397): 
7(151751): 0(0.615711), 
8(176604): 0(2.593307), 
9(543731): 0(1.030274), 
10(29759): 0(0.668610), 
11(536741): 0(0.811864), 
12(151456): 
13(151750): 0(0.799598), 
14(187817): 
15(542867): 1(5.810280), 
16(218281): 1(2.342618), 
17(542872): 
18(542870): 1(1.368680), 
19(542871): 1(1.481451), 
20(542874): 1(4.251456), 
21(39542): 
22(39540): 2(1.971341), 
23(133617): 2(0.858137), 
24(39537): 2(0.859688), 
25(39539): 2(7.390332), 
26(39538): 2(3.122182), 
